year	doy	gppCoeff	rCoeff	Q	nll	doInit	converge
2012	153	7.25184541429136e-06	-0.00667402442285534	0.00894412570603111	-67.6408892817764	8.48257023970456	0
2012	154	3.60755779116056e-13	-0.00754365460669199	0.00713289097956218	-75.7938715407418	8.42050548003791	0
2012	155	1.2710382660019e-05	-0.00644441430949424	0.00212293179750883	-119.39953135645	8.62790319104664	0
2012	156	2.62317158912108e-05	-0.0100833431422226	0.0202840152232801	-38.1480963451293	8.72009180699436	0
2012	157	5.24729158482511e-05	-0.0135650099364075	0.0310295137091529	-22.8707827457433	8.72092580338332	0
2012	158	2.98073774075032e-05	-0.00701352862153979	0.0389140599887683	-14.6384140884472	8.67382663658791	0
2012	159	8.13131480130069e-06	-0.00390307462521022	0.0222938333709663	-34.7315009708778	8.60807928922878	0
2012	160	4.85489749653654e-06	-0.00590341781006116	0.0101487939852304	-62.2276616383869	9.06804706280702	0
2012	161	7.30160976906153e-06	-0.00563166190754601	0.00290121447417047	-109.628129715178	9.20053096330772	1
2012	162	7.85817332097563e-06	-0.00721070753965148	0.00484797822753235	-88.2821713351692	9.08869604951721	1
2012	163	1.33932615110253e-06	-0.00561315077138186	0.0173544955502853	-43.8713787111723	8.93345997099377	0
2012	164	5.15601953176384e-09	-0.00135029327992733	0.0481180101565412	-7.10044054851093	8.67181608101652	0
2012	165	1.237844725844e-05	-0.00504193452898482	0.0745053241707129	8.71415628223917	8.75606081792348	0
2012	166	6.60776344634465e-06	-0.00325775238630597	0.22293801977845	48.056876291479	8.45596988501337	0
2012	167	4.08845287838186e-09	-0.00184057470190074	0.099519164670034	19.1851707003469	8.27937661180432	0
2012	168	6.84950815507963e-06	-0.00260151409757906	0.171771254093117	38.7790239072404	8.05251011078511	0
2012	169	1.3108937295922e-05	-0.00604449273327851	0.109402850034553	22.5600466887624	7.7312908826423	0
2012	170	3.63993989963393e-06	-0.000166031135245212	0.195928970267804	43.3672353085849	7.61540163571649	0
2012	171	1.62028826270106e-08	-0.00391959367030908	0.144992404371017	32.6852366570311	7.82969803127823	0
2012	172	5.24986477180514e-06	-0.00886161903534267	0.0423262004846145	-11.5404162533974	7.81133159281021	0
2012	173	1.40280933964535e-05	-0.0115661090073429	0.0325689869746247	-20.9576938413568	7.89028238493848	0
2012	174	2.34030797648347e-05	-0.0109564146977706	0.0238802864929699	-32.2148433371919	8.09519387391706	0
2012	175	1.90529997577722e-08	-0.00500665729855741	0.0523887521652759	-3.80393262821946	8.06727153173931	0
2012	176	1.71194753701094e-05	-0.00546130816614303	0.0399430099962463	-13.8175538765807	8.02084929640576	0
2012	177	2.27692596313881e-05	-0.00585101793522627	0.0707788030401312	6.82524969285179	7.53422072335848	0
2012	178	3.96935603229132e-05	-0.00215148155862718	0.041719258516451	-12.2212187277698	7.23612144822671	0
2012	179	1.95960564509876e-05	-0.0128754480412775	0.00223118036041983	-117.595033357479	7.99259554673483	0
2012	180	4.96366609923265e-06	-0.00856191437242302	0.0133996414846111	-53.0967295677623	7.79835177546662	1
2012	181	1.56808446749394e-05	-0.00893505850925596	0.0116086658891581	-58.2271057898751	7.73767219201819	0
2012	182	4.48576284686011e-17	-0.00668709135982852	0.00150059530071904	-131.908426928564	7.83436443911122	0
2012	183	1.179938889121e-05	-0.00500397216674314	0.0262977492633096	-28.8502805157414	7.85346223227682	0
2012	184	9.05281952870134e-06	-0.00552050536165161	0.0393258136643808	-14.4124125780807	8.33172743143268	0
2012	185	4.67471776562832e-06	-0.000609427871128153	0.0418757332674147	-11.761504730511	8.12066442261833	0
2012	186	1.3573677153386e-05	-0.0035867881748128	0.0396375356492935	-14.1274272307963	8.64620458038817	0
2012	187	6.28439858052204e-09	-4.13507667187626e-05	0.159105804522711	35.444370514432	8.37625488864507	0
2012	188	2.73566421962942e-05	-0.00323099960057727	0.122911228069673	26.0296946586413	8.55767119468973	0
2012	189	3.02238582763831e-10	-0.00386299937657836	0.109700025403528	22.6179382702328	8.7784619690467	0
2012	190	2.1753019675869e-05	-3.09701457766057e-06	0.0277277584536944	-26.9284271271903	8.21614095287272	0
2012	191	5.3071946147703e-05	-0.0064985524977852	0.146057277080413	32.4290409758218	8.38072788756712	0
2012	192	5.03779545886318e-06	-0.00367502921977979	0.0212273675004352	-36.5087868199227	8.65322910653069	0
2012	193	5.30106659540821e-13	-0.00103662851897333	0.0783373892680505	10.4642488247262	8.52267310712817	0
2012	194	2.0530089522857e-05	-9.66335951667939e-07	0.0167172063885546	-45.2430562398956	8.93178820389353	1
2012	195	0.000110821940384386	-0.00669156385146023	0.0111039966808789	-60.7055025154005	9.39085975101275	0
2012	196	5.79366042750472e-05	-0.00898420044323084	0.0316365308343926	-22.4094727294826	9.41938752285735	1
2012	197	6.70628848991932e-05	-0.0129079551662326	0.0620170808972481	2.06465781970839	9.31120717813997	0
2012	198	2.14653670419672e-05	-1.01363026494153e-06	0.127161685750098	26.846811778698	9.31879982967416	0
2012	199	1.27118920687482e-05	-1.99571095461107e-06	0.126626339816788	26.9010781599176	9.59715754333042	0
2012	200	2.90071507688454e-05	-0.00303752583351062	0.0360068827290686	-16.5343247821505	9.74345536868924	0
2012	201	2.17369630648785e-05	-0.00534240729437173	0.0681343476620745	5.4647914133991	9.91106630869928	0
2012	202	2.42088234477277e-05	-5.84735267725624e-08	0.0854913158535335	13.6467181989763	9.72543282710088	0
2012	203	3.24886733310119e-05	-0.00468222277642883	0.0233535434292472	-32.6430801290983	9.72975432878883	0
2012	204	1.91103750139828e-05	-2.64396819156644e-06	0.0147783111734105	-48.9067514885177	9.2221188587535	0
2012	205	4.04187206825138e-05	-0.00183790148887324	0.0117393025266206	-57.8379610614685	9.307349499525	0
2012	206	2.24796761799237e-05	-9.35772030701276e-08	0.0706546351753375	6.65246708369337	9.44202871265016	0
2012	207	1.57179656698182e-05	-1.87152164330492e-07	0.047977141654061	-7.0668623817729	9.78423028599079	0
2012	208	4.86019242488357e-05	-0.00477682167839143	0.00778610836242253	-72.5957681718339	9.98022562113437	0
2012	209	3.29196330176868e-05	-0.0025689519402965	0.0673688373106169	5.00930583475055	9.6287442454647	0
2012	210	2.63699783146063e-12	-1.02068270122734e-08	0.183952735135177	40.6365715609397	10.350645488087	0
2012	211	1.36250228735322e-07	-5.36797510552472e-08	0.0396894775203712	-13.9943396915514	9.90268368505224	0
2012	212	6.08373047661277e-05	-1.94808353980134e-06	0.0156060438236208	-47.5883793273123	9.37073979322844	0
2012	213	2.43906830096078e-06	-0.000728958664489293	0.122052215191273	24.3296023462251	9.45193239361967	0
2012	214	6.98130690249509e-05	-0.00598386537885064	0.0268295120474594	-28.0485205958255	9.12741425136222	0
2012	215	1.39412194506622e-05	-6.11524742720728e-07	0.108294335829066	21.5551226318358	8.9657776666425	0
2012	216	4.37036680949673e-05	-0.00528202994346779	0.0176803774931029	-43.6938043091225	9.33888227275599	0
2012	217	0.000191847293697083	-0.0104413186608564	0.0297806604646007	-24.3140131263497	8.85063112005466	0
2012	218	5.76645773764564e-05	-0.0057008994617262	0.0759774154372535	9.07735035245392	8.61676804046055	0
2012	219	4.13766434641249e-05	-0.0096471690759445	0.0429932815908674	-10.5246411250372	9.42590386222277	0
2012	220	4.58832485637904e-14	-0.00114091845674215	0.023464923784927	-32.9053887146706	9.12743127664678	0
2012	221	2.12045701194222e-06	-0.00269421463883638	0.103949726967997	19.7704243412385	8.70670708946121	0
2012	222	7.65063837837876e-06	-2.49465749916939e-07	0.0287528789605531	-25.9545860765066	8.56214193136152	0
2012	223	3.09952084172216e-06	-0.000139454727839476	0.175148846752532	39.5168816354591	8.64334880632113	0
2012	224	5.04909335829166e-05	-0.00175488583807312	0.0593482783586002	0.517969308268465	8.82274664850854	0
2012	225	2.39827661830691e-05	-1.11673937977181e-07	0.0377934790181254	-15.7499298225034	9.44012569548551	0
2012	226	2.23441777578262e-05	-4.23827095990818e-09	0.0283354662823963	-26.1241161595859	9.51092953583307	0
2012	227	2.25767406789611e-05	-1.83970304248189e-05	0.0106122856114365	-61.7998810559363	9.33274217405299	1
2012	228	2.04185116260834e-06	-0.00190663109964884	0.0662153905747467	4.47795703553737	9.63108592061186	0
2012	229	1.26735925385297e-09	-0.00252407657860749	0.1975267672416	43.7773873060339	9.31644257903253	0
2012	230	8.74152945362305e-06	-0.00230045136926262	0.108818936625054	21.8349056301498	9.2820299683916	0
2012	231	1.46507390988051e-08	-3.77742801270679e-06	0.11916867559611	25.5313862503354	9.1518619406169	0
2012	232	3.04700418717679e-05	-0.00685589462708621	0.0240808745355418	-32.0168266924864	9.26245616081305	0
2012	233	4.99954256857337e-05	-0.00603604183272275	0.00751315334168819	-73.9161146625856	8.45784985608028	0
2012	234	1.84529924135206e-08	-0.00520491166546788	0.0353021450103398	-18.4335662219278	8.83998620243852	1
2012	235	3.59826078644201e-06	-0.00279901418421962	0.0148370590766263	-47.7307787530576	8.36632512587174	1
2012	236	6.96512460683062e-08	-0.00409748524660014	0.00874750717027235	-68.5567249446905	8.48253487168579	0
2012	237	4.33981251738935e-05	-0.0062495465680931	0.012459189170535	-55.7230187382957	8.25663005513931	0
2012	238	4.09459445810014e-05	-0.00492565041716827	0.0311537408642459	-22.8297013507264	7.77329753871783	0
2012	239	9.40412465950403e-06	-0.0018472899100756	0.0165844569287979	-45.5030646247142	7.97275055886193	1
2012	240	3.05341468751343e-07	-0.0137234190772485	0.00651459688433265	-78.6920979948014	8.64174727106562	1
2012	241	5.6451720106977e-10	-0.00606423225108879	0.0136267699372601	-53.1864600521412	7.06067013010113	0
2012	242	4.67200898544664e-05	-0.00705748687168926	0.00301306318506669	-106.785829198459	6.7501334977844	1
2012	243	5.03628333605414e-09	-0.00360956808313085	0.00243727628310442	-114.561773980329	6.92076008778594	1
2012	244	0.000110679632119024	-0.00819582712834976	0.012280094083407	-56.2106684527569	7.31495362862661	1
2012	245	9.36432958209368e-07	-0.00233706073088431	0.0312094932858774	-22.9465010956708	7.06735220244223	0
2012	246	7.29761688418664e-05	-0.0101740807276829	0.00629433348334962	-80.286015427545	7.48331384432651	0
2012	247	3.74561907412535e-06	-5.50020736359609e-07	0.0818284783862249	12.2960022369222	6.67747488878205	0
2012	248	2.81533957682309e-05	-0.00993115988176775	0.013970182454382	-51.5713363291561	7.29680375903981	0
2012	249	2.3013773883576e-06	-0.00794499746584982	0.00731376027621779	-69.8388374417991	7.07259362754566	0
2012	256	5.46802614148141e-05	-0.0148470335348087	0.00584324562404271	-78.3342323600537	7.26999558028522	0
2012	257	7.96410586722514e-06	-3.18781164430276e-08	0.0455245656448217	-9.68317493093363	6.97715318116813	0
2012	295	7.22532086416911e-07	-0.00690814421459088	0.0207710305128887	-37.1203531964579	7.50464552279579	0
2012	296	7.15888994721082e-05	-0.0049707122204168	0.022125350599912	-35.0235008917844	6.80925772249278	0
