year	doy	GPP	R	NEP	GPP_SD	R_SD	gppCoeff_SD	rCoeff_SD	doInit_SD	nll.nll	converge.converge
2012	153	0.0350095930292906	-0.61387260439207	-0.578863011362779	0.765681508226544	0.00685554150941451	3.65266504165123e-05	3.92411410442746e-05	0.75312572270252	-71.0361156213883	0
2012	154	0.000149880641503629	-0.79126076392229	-0.791110883280786	0.651761528439151	0.00243521386939592	4.20224804810337e-05	1.42886953028382e-05	0.842814989121883	-81.8851199350342	0
2012	155	0.115276960160761	-0.755346794206463	-0.640069834045702	0.465817033784012	0.0134777428298913	3.82956693920445e-05	8.03957246845193e-05	0.649792281261699	-106.004348047854	1
2012	156	0.92233735983299	-1.82837483625476	-0.90603747642177	0.9987340561575	0.396101719486606	3.66886240915403e-05	0.00227890992503782	0.758796105707613	-45.4470229462935	0
2012	157	1.44983605538973	-2.02112515994253	-0.571289104552795	1.20238215829325	0.884070763318933	3.96925222619545e-05	0.00490527374888584	0.799247635349178	-20.8584673920704	0
2012	158	0.603497853760048	-1.07626394684691	-0.472766093086858	1.39061108019164	1.70170925784021	6.5793079442246e-05	0.00933648504539937	0.650875566256535	-15.0114980879552	0
2012	159	0.407903320559716	-0.593279504183472	-0.185376183623756	1.69779106607162	0.0707015237210733	4.34614819647626e-05	0.000380766444989152	1.08128836914647	-37.69828571051	0
2012	160	0.122583193088413	-0.725739428399124	-0.603156235310711	1.40378804277002	0.00739103585879631	3.91456002587035e-05	3.92280344336372e-05	1.15580330016494	-56.4744293960955	0
2012	161	0.346297973689853	-1.10461785798959	-0.758319884299741	1.22509972689738	0.00088727178091236	0.000109368963605631	4.77013558999316e-06	1.09199826468509	-119.8150582193	0
2012	162	0.0628995335927671	-0.975848417136765	-0.912948883543998	1.18038656129265	0.000389741535244708	0.000117883168230369	2.1335413024299e-06	1.13344945691351	-87.9577752553729	0
2012	163	0.0298596877018031	-0.791422956955248	-0.761563269253445	0.761222673430506	0.595320343106755	3.337162012507e-05	0.00321241402627966	0.70759896988066	-35.2777811611045	0
2012	164	0.0351695809496907	-0.296808927368498	-0.261639346418808	1.43397855592616	1.1211529376403	4.14080613497081e-05	0.00577793979977714	0.773584600250694	-3.67370549196375	1
2012	165	0.921425310004656	-1.75207605777419	-0.830650747769533	1.42842107131665	2.10557429564092	3.41801040778064e-05	0.0105907191109771	0.740012580205942	7.89042539169901	0
2012	166	0.534866149361072	-1.23002039302503	-0.695154243663956	2.75137683578649	3.66729214887912	9.95497118043959e-05	0.0180907478884218	1.43543798516064	45.0419251631753	0
2012	167	0.0705830843201078	-0.537299940837933	-0.466716856517826	2.04895671896942	3.18878805213269	4.91547724071429e-05	0.015722183023797	1.1844554443329	18.2455294650625	0
2012	168	0.589297265433609	-1.11515197457264	-0.525854709139031	1.91438986163279	2.97162649519663	4.72082374577251e-05	0.0144070225598991	1.09331703148639	39.2546397110955	0
2012	169	0.00363370921898237	-1.0231785328181	-1.01954482359912	1.38872119136839	2.3615975144414	8.73228867340273e-05	0.0115441642929404	0.901859618841209	21.649095776195	0
2012	170	0.360347331038596	-0.50392374482125	-0.143576413782654	2.33361257034126	3.42491941333954	6.68079362436901e-05	0.0166975979545119	1.27742708820549	35.3405181363535	0
2012	171	2.57642845549093e-06	-6.64285482616153e-11	2.57636202694267e-06	2.38239077358757	3.45513444527041	0.0001434468300312	0.0168545673405442	1.3296460961938	40.5216644105273	0
2012	172	0.357501104316663	-1.45421889117246	-1.0967177868558	4.01758142502741	0.694185060836336	0.000116856432966122	0.00344944787076378	1.71981691269413	-20.6960236822758	0
2012	173	0.373713480548813	-1.31021764982294	-0.936504169274126	2.53257678603504	0.0393349800873733	5.26061268863899e-05	0.000197505610532899	1.4223726065358	-27.0439318259965	0
2012	174	1.02146625313476	-1.77798373929228	-0.756517486157513	1.20604146184622	0.373734642591186	2.48053476896284e-05	0.00184861946628576	0.86961160140739	-38.4954012030136	0
2012	175	0.000318813494672871	-0.862102885317401	-0.861784071822728	1.63465734924358	0.547277373529012	3.3589054397186e-05	0.00264123684083473	1.05170526801957	-2.79617950621928	0
2012	176	7.52100258741288e-06	-6.35649764298237e-08	7.45743761098306e-06	1.36330542735783	1.96154048204065	3.99011162011943e-05	0.00935418463647014	0.720055566792686	-0.653980047911273	0
2012	177	0.865085936156751	-1.23595966193543	-0.370873725778682	1.86589890817538	2.78996753251713	4.82550536245978e-05	0.0132487556830593	0.856861648266323	6.99503263935886	0
2012	178	0.848216735709841	-0.272554437969054	0.575662297740787	1.14468501599676	0.961846465227762	4.78514839712677e-05	0.0045971753797878	0.57681540960769	-12.8102766728399	0
2012	179	0.384841002645571	-1.87644594766933	-1.49160494502376	2.72629220474792	0.0067173114820529	0.000118827896925796	3.29479015125514e-05	1.38364375722477	-112.093707476582	0
2012	180	4.70682539788935e-05	-1.04292113481037	-1.0428740665564	1.93973629292539	0.152761313366617	0.000108104557612537	0.000766302406732088	1.10737907037775	-53.4126519483609	0
2012	181	0.563965250923191	-1.40423309578024	-0.840267844857045	1.74788402174436	0.0797055578756054	5.59940703132403e-05	0.000401538742484897	1.16896377905835	-57.0247690967713	0
2012	182	0.0429933173822248	-0.926242315301685	-0.883248997919461	0.582792151407197	0.0119041557629031	0.000144830863059232	6.20116801585806e-05	0.760806665492277	-138.531987090963	1
2012	183	0.460639552380945	-0.729391353877477	-0.268751801496531	1.63087025637986	0.0916125214880841	4.73484708473048e-05	0.000467594092873277	1.04971537478576	-29.3742410788446	0
2012	184	0.307714883589951	-0.903673761437261	-0.595958877847309	1.96418618535477	0.959719855595125	5.13127178521228e-05	0.00472873094592157	1.14524902964415	-14.2813581175812	0
2012	185	0.174409651860399	-0.000539368591826238	0.173870283268573	1.74444308570548	0.803837635790109	4.25453975925726e-05	0.00386327650172831	0.919401143460948	-11.8839826705104	1
2012	186	0.615174813597629	-0.983106589358013	-0.367931775760384	1.43103752429666	1.91041867843163	4.08143657919977e-05	0.00910013656852108	0.757016231801646	-11.2533156246089	0
2012	187	0.0965277137368517	-0.229845423554209	-0.133317709817357	2.37288915799232	3.62160630471958	5.40073046790446e-05	0.0168765796830662	1.45022822374461	35.054490947551	0
2012	188	1.17322072265978	-0.876768163258593	0.296452559401185	2.81416093040877	2.74522929056183	6.70352917492375e-05	0.0124995269792963	1.50993854192854	25.6869679518383	0
2012	189	0.013432421949417	-0.688108432545429	-0.674676010596012	1.1276471996355	1.79044090147242	5.35196221526415e-05	0.00817822156299087	0.774822442636505	24.9121780151554	0
2012	190	0.281268867401993	-0.0162663767283904	0.265002490673603	0.793343799680696	1.04359407657707	7.90768267433665e-05	0.00483652824612504	0.385380593214695	-28.6530903761481	1
2012	191	1.06237606862216	-0.844795601978573	0.217580466643582	1.41575867684107	1.14013797556684	5.6575998416505e-05	0.00530398067083009	0.779515811898794	31.4192790782802	0
2012	192	1.79511158405388e-07	-6.76991610077851e-10	1.78834166795311e-07	4.55332102798202	0.00264073855972305	0.000361845658474683	1.27372245778895e-05	1.51037170435589	-23.3416048524615	0
2012	193	0.282255919192892	-0.398771977031903	-0.116516057839012	1.65039553453043	0.250959279808349	0.000106101804682561	0.00122335319694133	1.08371138664046	9.58140059762765	0
2012	194	0.371624410712487	-0.0531043623297617	0.318520048382726	2.23672049482524	0.0115987461219962	0.000128187640114234	5.61948158725644e-05	1.42667810548558	-45.5039188868965	0
2012	195	1.60558138267754	-1.85659904966584	-0.251017666988296	1.77312970413211	0.000133913464270977	0.000147475070677721	6.51035483023549e-07	1.44457804313556	-57.5750508380554	1
2012	196	1.14724428770869	-1.46609604941817	-0.318851761709479	2.01258837040979	0.0551654534819732	9.95594530782574e-05	0.000270599431476315	1.35138126425677	-29.8476266574912	1
2012	197	1.44054537679669	-2.28443240678472	-0.843887029988026	1.35896436591415	1.60016521986673	5.54541206200185e-05	0.00779684852106253	0.8286322724854	5.3354278216921	0
2012	198	0.526429067199555	-0.0055164943322627	0.520912572867292	4.19377134645036	2.57859925868321	0.000137106567851592	0.0124643759304086	2.04443815717062	23.4634032401557	1
2012	199	0.39428703525809	-0.00011050914787037	0.394176526110219	5.09428007034939	2.32197859873658	0.000135485377291122	0.0112139909144968	2.23831780991108	26.1795070601838	0
2012	200	3.16236307717482e-07	-1.23832918446875e-07	1.92403389270607e-07	2.21879884242633	0.467677836753381	7.01227535906383e-05	0.00224058518730571	1.12964592609131	5.97623602286017	0
2012	201	0.360464665344829	-0.866506953831492	-0.506042288486663	1.23780556103315	0.169682395344055	4.53777303696976e-05	0.000810622034841475	0.941413407480756	5.56450691280655	0
2012	202	0.580157929338929	-0.00013854596669303	0.580019383372236	4.75749918531629	1.10838037962784	0.000146186631128625	0.00528029901418802	2.01206153920027	12.0249850116869	0
2012	203	0.0209341156151911	-0.0280997532391214	-0.00716563762393036	3.62136810460806	0.0572864005578251	0.000127938755618119	0.000278142256937044	1.68404020608399	-17.6382227647845	0
2012	204	0.360251774587849	-0.00290954005397143	0.357342234533878	1.67083366141363	0.00584447702863104	8.2610046525705e-05	2.88682952275299e-05	1.2623212424138	-41.5208008069189	0
2012	205	0.76509572325516	-0.477196521159381	0.287899202095779	1.51400956827639	0.00504989392502488	8.37969386236352e-05	2.49248905018753e-05	1.24134320116466	-57.0507105623052	1
2012	206	0.577842875076789	-3.14132966426548e-05	0.577811461780146	2.9690827893666	0.697113195571104	0.000106975340240202	0.00339075425885145	1.44330153005312	4.8507013962973	0
2012	207	0.279474156965194	-0.00610727349979499	0.273366883465399	2.63958665838177	1.17199855554416	0.000118752896255956	0.00567826449956744	1.22253273322001	-7.25068051593674	1
2012	208	0.34847197929503	-3.19229472720685e-67	0.34847197929503	3.34227539619143	0.00992413099865654	0.000133551694719725	4.8285388135506e-05	1.73763644515829	-40.0097182251485	0
2012	209	0.892935099363985	-0.558242700770336	0.334692398593649	2.02179152293206	0.493730524891765	7.0137264764673e-05	0.00237427581393699	1.11473338879746	7.0911250548602	0
2012	210	0.390209912902452	-0.0124083600474871	0.377801552854965	5.68964276331614	2.38258652355052	0.000170934216705373	0.0113497177287973	2.15170778322964	27.4584839753935	0
2012	211	0.338278581046773	-0.69055110762437	-0.352272526577597	1.75244438633255	0.275197332760706	0.000112201393091411	0.00130330894984671	1.38554898541111	-19.1219110924065	0
2012	212	1.90475169874774e-16	-5.57014615750641e-08	-5.57014613845889e-08	1.66410385795866	0.000134637652472011	0.000332517515617489	6.39873797380242e-07	1.23916771182273	-35.4776355724753	0
2012	213	1.40151811163733	-1.86364825845964	-0.4621301468223	3.94485362435815	0.572485451026879	0.000147730727796807	0.00271613932445953	1.78461932036659	14.6631746850734	0
2012	214	1.35268525778684	-1.50605958172491	-0.153374323938063	2.34632234290813	0.0607436961508002	0.000130702395040683	0.000290880473879464	1.31153993035853	-31.4511227294889	0
2012	215	0.400054782910626	-0.109594675300238	0.290460107610388	2.56079334133439	0.938131038322253	0.000105596540412688	0.00450063017037273	1.20860995722638	22.0796315843186	0
2012	216	0.000196950100267074	-0.547840843019318	-0.547643892919051	1.21652805376569	0.000843905365394379	0.000105103591272727	4.08783780845264e-06	0.966618260841197	-28.4620030093336	0
2012	217	1.62725536155974	-2.01666482387297	-0.389409462313237	1.63029121948438	0.248225164307993	0.000180846278114563	0.00120583106210273	1.04115883725611	-26.9413105831416	1
2012	218	1.40041237992413	-0.907344105807757	0.49306827411637	2.51256864248343	1.01116088033452	9.44043944434675e-05	0.00484458691099265	1.25362118826884	10.9091449074409	0
2012	219	1.04085295058417	-1.78064304737925	-0.739790096795082	1.186977583852	1.70324783606173	4.18961435333964e-05	0.00814323566298478	0.645384947777475	-8.16884673646723	0
2012	220	0.0474053172348428	-0.316865264813188	-0.269459947578345	2.28660551601866	0.000822967895746686	0.000259202660263358	4.00300769862042e-06	1.38854342516418	-37.4005139277409	0
2012	221	0.166294383193334	-0.454802249052563	-0.288507865859229	2.99545478358304	0.967975957432572	0.000117368052618168	0.00480580722768745	1.39928682718668	18.5930901274899	0
2012	222	0.651534151876892	-0.671331139513052	-0.0197969876361601	1.18331749384404	0.00118434932810655	5.89141193265077e-05	5.89398190755217e-06	0.927913345162009	-20.8817273077965	0
2012	223	0.0750391719630217	-0.0168986959193088	0.058140476043713	2.5055604874025	1.08869489679829	9.28724217415373e-05	0.00535938300976079	1.23962031230974	40.3801816174878	1
2012	224	0.625794817206161	-0.160891560726888	0.464903256479273	1.51722447296598	0.346088348884225	0.000103274865375637	0.0016924433651857	0.916257769307221	1.36196025802344	0
2012	225	0.451841372347047	-0.0288074675982519	0.423033904748795	1.50003551811662	0.254349066489268	8.40909572472985e-05	0.00123155329206381	0.786232204503246	-16.7761935725686	1
2012	226	1.25424306197354	-1.11197018518448	0.142272876789065	2.20669205739756	0.00294195408335705	7.05523532636395e-05	1.41221218175804e-05	1.55875166942397	-31.0925132067132	0
2012	227	0.626277317510911	-0.138206718530121	0.488070598980791	1.08162396073249	0.000959466305870873	3.90370295244376e-05	4.56683394801636e-06	1.03407260397442	-61.6207819799691	0
2012	228	0.301723128353466	-0.762336524983803	-0.460613396630337	1.38204612116931	0.868811310130048	5.82090648516632e-05	0.00414412928244842	0.775537338309548	5.92636922109739	0
2012	229	0.000506897588310364	-0.44666393195475	-0.44615703436644	1.42372081006043	1.78966377838581	4.76511256961369e-05	0.00852873162289792	0.927101056914398	44.6550821227416	0
2012	230	0.273786620347177	-0.558550199315876	-0.284763578968699	1.75988431670879	2.18974877427902	6.86360120444148e-05	0.0103481173603824	1.01647013208515	21.9143797122558	0
2012	231	6.21503807434153e-05	-0.217444179552652	-0.217382029171909	1.50166781956074	2.16772545375097	6.90206514637839e-05	0.0102945702887937	0.895758356326038	24.438915428809	0
2012	232	0.854990609615476	-1.53515163157859	-0.680161021963109	1.05812565464716	0.179590084757333	3.99739352025854e-05	0.000858300069249854	0.714899801231521	-31.305543448685	0
2012	233	1.52623337747861	-1.63511188854737	-0.108878511068759	1.58960511842255	0.0311177944410434	5.48089800936242e-05	0.000150826560055097	1.18128896043045	-38.8378742536791	1
2012	234	6.68962213854262e-08	-9.36813222991814e-09	5.7528089155508e-08	1.59901271073022	0.0139587927227613	0.000143547480777917	6.94259791509525e-05	1.14992458101254	16.3892802809266	0
2012	235	3.23275886829228e-06	-2.34338765737235e-09	3.23041548063491e-06	0.963947685581911	0.018644895378879	5.18589225796207e-05	9.28420809761979e-05	0.917653639116353	-31.6785079014737	0
2012	236	0.506753183517437	-1.25970132874807	-0.752948145230631	0.756927630759318	0.00208155013612352	4.94302653659442e-05	1.0441441326456e-05	0.85866676695148	-89.2493707635183	0
2012	237	0.663958632968659	-1.3440045038818	-0.680045870913138	0.829560184673227	0.000952721611561953	7.774544124935e-05	4.83501208523108e-06	0.795452156607941	-48.8562963158542	0
2012	238	0.976151116068346	-0.952032619292305	0.0241184967760407	1.52279055891169	0.0937632254636339	7.86179996949684e-05	0.000474354730875514	0.865118419007908	-20.9875538349335	0
2012	239	0.180261808704586	-0.0553574436594228	0.124904365045163	1.22579903060833	0.00106792530747095	7.34203079731196e-05	5.43588577547469e-06	0.911128914626948	-46.5232122786038	0
2012	240	0.000162939643665103	-2.26731129120616	-2.2671483515625	0.600314295645305	0.0361916236905387	9.36960430472269e-05	0.000194189085003804	0.792973376245413	-76.0959426697283	1
2012	241	5.67919789287222e-06	-0.855999814875752	-0.85599413567786	0.482606863411099	0.114340876216323	4.35342503115338e-05	0.000637052778753661	0.376283034202421	-55.8283286503773	0
2012	242	0.345072863266728	-0.876915360160387	-0.531842496893659	0.348985297336474	0.0206139044113665	4.72370312422475e-05	0.0001149360974941	0.358588757457839	-105.795976072766	0
2012	243	0.0115090499276131	-0.338058725860349	-0.326549675932736	0.297478299523707	0.00353369451868245	3.83312265113858e-05	1.95055343589934e-05	0.35603523246162	-117.269222802668	0
2012	244	0.481824872124613	-1.23959794348664	-0.757773071362029	0.436621038483398	0.102186081255106	9.29471377414888e-05	0.000560850336422496	0.389941770808749	-48.9324211193542	1
2012	245	0.769889338078498	-1.00064797378362	-0.230758635705122	0.647165583206179	0.27898715351271	0.00013564256183701	0.00153583272049714	0.409653547237543	-58.3769543879197	0
2012	246	0.520718760130464	-1.74592381496396	-1.22520505483349	0.348959676087401	0.0702448519744123	6.43902381399221e-05	0.0003881417406972	0.428196312795319	-83.9310113008459	1
2012	247	0.17288454316346	-0.0145349554302817	0.158349587733179	1.21487991857987	1.30369177769653	6.09008832783879e-05	0.00717400181272126	0.687768796409695	13.940076139916	0
2012	248	0.304174296191607	-1.41991039438704	-1.11573609819543	0.612169099337737	0.200808256879423	5.09370917078464e-05	0.0011183704132447	0.50534912388778	-56.735865554008	0
2012	249	0.0635411240076619	-1.05357775562276	-0.990036631615094	0.55462021670227	0.00600501479367525	2.95455222668913e-05	3.38890811950308e-05	0.592021422662326	-67.2849566713537	0
2012	256	0.938178868219781	-2.05757542786658	-1.1193965596468	0.558341974016274	0.020031553991335	3.01557849055685e-05	0.000113518417487733	0.583140034808261	-93.6793879656961	0
2012	257	0.293575483401124	-0.00304938232477708	0.290526101076347	0.713968320229508	0.297816612102429	5.21746540930896e-05	0.00198629727479902	0.438415653155301	-6.81340179014996	1
2012	295	0.000171729637299185	-0.611601591621138	-0.611429861983839	0.0801129235399279	0.248503260256198	5.69161694989399e-05	0.00242035387385621	0.149716744139105	-43.8517395135336	1
2012	296	0.285052322502078	-0.531643133011707	-0.246590810509629	0.189116989741873	0.305571000237356	5.41164557454932e-05	0.00299361872484045	0.171704824458599	-35.254314459002	0
