year	doy	GPP	R	NEP	GPP_SD	R_SD	gppCoeff_SD	rCoeff_SD	doInit_SD	nll.nll	converge.converge
2013	142	0.479862276488902	-0.0167853728929424	0.46307690359596	6.86516481665931	0.0409800593545783	0.000281846669923364	0.000102402067032301	2.13249210909101	-38.2662625092318	0
2013	143	1.20517850539534	-0.620090961038226	0.58508754435711	4.03589321431038	0.0986755197122001	4.81839369470802e-05	0.000258819957752795	1.6280881678657	-218.396976854203	0
2013	144	3.21418120771494	-2.34059544897152	0.873585758743426	1.85601500245127	2.54646721822974	2.04987586252167e-05	0.00657383995959338	0.745038636793472	-16.2536162980041	0
2013	145	1.92149586902454	-2.06836442674771	-0.146868557723165	0.85432628991499	1.30164034786367	9.5967133129377e-06	0.00326674686219115	0.33669599163906	-80.6667439565991	0
2013	146	4.97729736906408	-6.94984300687158	-1.97254563780751	1.59218486468344	2.28002833416631	1.74103842708383e-05	0.00563087908138011	0.817200760808969	196.567083994114	0
2013	147	0.282399126323082	-0.0069841805975198	0.275414945725563	0.875338892035681	0.0767257979390789	1.17203638739575e-05	0.00018701765700953	1.08473109641522	-184.343637064946	0
2013	148	1.13312237702903	-0.537286213224387	0.595836163804642	1.40393809165739	0.0122459544092442	4.49184007722655e-05	3.01457670651396e-05	1.33051453481656	-127.455617319756	0
2013	149	1.87995724494234	-2.31415590618293	-0.434198661240591	0.569519028371812	0.759900446848599	7.62864831260221e-06	0.00183635593981516	0.540330462679523	-67.8339776811797	0
2013	150	0.831473197451272	-2.10211674390945	-1.27064354645818	0.60715250889698	1.07871759407745	1.0121869087205e-05	0.00249701376503706	0.260855075251121	-81.6973444963802	1
2013	151	1.64186197814316	-2.18840063558032	-0.546538657437158	0.597330706508289	0.962222260579322	7.66837930540468e-06	0.00219790227415874	0.240122160044516	-101.239095372119	0
2013	152	1.11311061651948	-1.7668400091561	-0.653729392636617	1.42005354985484	0.0425425244514364	4.50337728649309e-05	0.000100005003420873	1.32164899136615	-97.3909392329455	1
2013	153	1.46549813690141	-1.05845533748403	0.407042799417376	1.94295995532723	0.0743063155903515	2.50396603315823e-05	0.000184493325215576	1.41590764673396	-274.170473841675	0
2013	154	1.56708960033126	-1.13846296421935	0.428626636111905	0.502084349429852	0.0701077956425494	5.20913821329447e-06	0.000171291914143505	0.540334105612555	-185.861133249171	0
2013	155	1.26320934809758	-0.960645586246934	0.302563761850643	1.26051639808869	0.0271046557478935	2.90539975081119e-05	6.67536429847125e-05	1.21253460138599	-250.792524251898	0
2013	156	1.01299008719355	-2.26748605559833	-1.25449596840479	3.13258462684376	0.00139629112676268	0.000225807668736215	3.52766082143152e-06	1.52372912536837	-136.640547563078	0
2013	157	2.1654285440358	-1.75226306214993	0.413165481885871	3.5250066803497	0.435256153850624	0.000119658868669114	0.00111440370152959	1.40723796966969	-10.4287127386403	0
2013	158	2.74859997189123	-1.51084778317292	1.23775218871831	1.39914347715946	1.86641236792212	2.35544850305379e-05	0.00471245362630948	0.575273782199304	-55.0282241659827	0
2013	159	1.18244133531868	-1.59993132881864	-0.417489993499965	1.25223447308143	2.03692200299472	1.71708795971005e-05	0.00500454045667402	0.580181321889899	-56.8098352556075	0
2013	160	0.562427749618634	-0.877769834329047	-0.315342084710413	0.546407039532061	0.0127913936549736	1.60505904194737e-05	3.11453579826611e-05	0.604575636929016	-141.427930756918	1
2013	161	1.76341803546622	-1.25857310640846	0.504844929057769	1.32853332010288	1.65361638986012	1.91464972243374e-05	0.00396252260448699	0.522368817673628	-82.9397713166016	0
2013	162	1.54663805336842	-2.6064674836504	-1.05982943028198	2.29888725175366	3.54993902049748	2.68560653613792e-05	0.00831324294387966	1.00509209473365	25.2593995347285	0
2013	163	2.16476154148977	-2.43172543524877	-0.266963893759009	1.4571918147447	2.20357569163327	1.68174127299793e-05	0.00509280033762292	0.537675146814144	-79.2835284010574	0
2013	164	1.19526737220413	-1.80927461194874	-0.614007239744606	0.465361511868144	0.666252492041195	5.70521102528381e-06	0.00152694907016416	0.197597308618324	-200.914118498006	0
2013	165	1.32915256107206	-1.49110649426834	-0.161953933196279	0.939852136352377	1.39913737308934	1.01616292341184e-05	0.0031817535472978	0.393352103359186	-108.476309347729	0
2013	166	0.516861902665836	-1.20175563404651	-0.684893731380672	0.676720057095708	1.28280508080207	3.06793994458064e-05	0.00293982050845424	0.3781676401295	-101.70410055222	0
2013	167	1.54658446154209	-1.8896176836612	-0.343033222119103	0.717185688426572	0.571318436175013	8.89722444262928e-06	0.00130817689868655	0.424541493051472	-67.0943036719876	0
2013	168	2.02825278314061	-2.06163579209658	-0.0333830089559686	1.69934231841808	0.630136204089836	2.42053280652326e-05	0.00144692557322506	0.99754389655346	-14.5606583670611	0
2013	169	1.23034314449735	-0.00106803254180742	1.22927511195554	1.50941691575921	1.72153969067031	1.49880835025609e-05	0.00395200103885015	0.678184420400014	12.1010732778761	0
2013	170	1.90265203661595	-1.76145392461352	0.14119811200243	0.966957102236716	1.37369888433976	1.12123578215372e-05	0.00312633770562138	0.356568129238395	-81.4740773240153	0
2013	171	1.10685741932155	-1.38667770940857	-0.279820290087021	1.08951762155511	0.0342298855734553	3.10533933457918e-05	7.79505098494696e-05	0.745656834923346	-84.3669707433472	0
2013	172	1.9387911271005	-2.79996137400976	-0.86117024690926	1.23901439119234	0.0151003443901379	6.71086937621779e-05	3.49812788779755e-05	0.939135916807922	-74.5100216122526	0
2013	173	0.912490172025102	-0.000969178809463039	0.911520993215639	0.827382252296157	0.872635181886848	2.38591332868912e-05	0.00202056336827005	0.459262441179808	0.241839499805199	0
2013	174	1.70810049500679	-1.65161537782242	0.0564851171843685	0.871406618514736	1.2086440554142	1.10925537440552e-05	0.00271840958380021	0.385093507176441	-43.1387647661199	0
2013	175	4.48130685364483	-5.23222265633817	-0.750915802693346	3.05348404572826	4.74972161774059	3.34178666488086e-05	0.0104488245605944	1.21452389988022	54.4273309755582	0
2013	176	1.20819222074592	-1.30904564315638	-0.100853422410456	3.36139962416506	5.22543222014743	3.55664898340716e-05	0.0113224441906583	2.01556270990817	142.677159143865	0
2013	177	1.49353003779567	-2.67036227204185	-1.17683223424619	2.78369785219394	4.80710906483008	4.63676845488228e-05	0.0104216246449418	1.76450640277562	132.319641326654	0
2013	178	1.73561687207282	-1.67988069602844	0.0557361760443811	2.22273858972594	3.51743443811598	3.73520545159784e-05	0.00761434724595722	1.09637436963274	36.9680317407763	0
2013	179	2.41174188833418	-3.19070949203502	-0.778967603700844	1.71957280111703	0.177211999934142	4.47656198224817e-05	0.000390417434341932	1.13504038564146	-16.19472983141	0
2013	180	3.04921926067205	-4.3383429621128	-1.28912370144075	1.75580579240675	0.10754194861355	2.89508571194133e-05	0.000241447965818607	1.21869460854069	-12.5396515195211	0
2013	181	3.20053672947207	-1.72717541097124	1.47336131850083	1.52419987884883	2.11282794198983	1.54874280609705e-05	0.00474642562108092	0.587042813124998	1.36788103295507	0
2013	182	1.81395658686617	-1.59827640924207	0.215680177624101	1.52601791772754	1.99516570055843	1.51993362343294e-05	0.00443371360705916	0.756759493053084	7.87370101803633	0
2013	183	2.86722843086073	-2.36086580313031	0.506362627730416	2.04406514476025	3.03313809539556	2.1453070763954e-05	0.00671533551618794	0.910548315704187	45.739233879663	0
2013	184	1.38357599630987	-0.864896008209472	0.5186799881004	1.50048348333313	2.01001358186104	1.4834930375738e-05	0.00442650202137415	0.660976706137084	4.17988102695605	0
2013	185	0.418897939623988	-0.0158334825795595	0.403064457044429	1.69107971712329	2.39651053413607	1.88620161565829e-05	0.0052373990413974	0.939180934292707	25.5379268575146	0
2013	186	1.76873438529928	-2.41926696407677	-0.650532578777487	1.24194220150391	0.120864245960086	1.32381626611428e-05	0.000261296771928967	1.1663632270305	-79.707675557774	0
2013	187	1.59607078943745	-2.06875568175334	-0.472684892315888	0.945079201952306	0.236668073095333	1.14672785508553e-05	0.000508728191606875	0.546545488209156	-101.194169031521	0
2013	188	2.2967354064799	-3.12073812609693	-0.82400271961703	1.6382383890087	2.56720902709269	2.43331762206585e-05	0.00552113422518282	0.882427968397823	63.2851615504199	0
2013	189	5.05945138964486	-5.61485923692936	-0.555407847284499	2.85872525959303	4.62739800072921	3.21483945578978e-05	0.00993503095752499	1.52337951078045	118.234025651795	0
2013	190	0.309371293940471	-0.840120516095829	-0.530749222155358	3.20312286263963	5.46490877910988	0.000113443911084339	0.0118846634472336	2.59223935307704	179.718276002512	0
2013	191	4.83453501764025	-5.56507179386743	-0.730536776227178	2.01559790443928	0.934912752399835	3.08406189618788e-05	0.00206757541250358	1.01596813715356	42.778403297382	0
2013	192	1.94913405762576	-0.69189090846888	1.25724314915688	1.94361047655304	2.51458725248897	1.93268500820168e-05	0.00555261356333724	0.803485344457373	19.6671092822529	0
2013	193	2.24579630836691	-2.83487840597723	-0.589082097610324	1.86171520893774	0.387422757358176	1.95966380077418e-05	0.000846811006630795	1.26820562462209	-38.621810116139	0
2013	194	1.85011191296826	-1.54582428928548	0.304287623682777	0.805362379427145	1.058639949127	9.5342668302012e-06	0.00230355017421583	0.334452364246026	-111.258050895345	0
2013	195	1.32504590538499	-1.28692937496396	0.0381165304210302	1.14459174682561	1.77815997534352	1.36374080257739e-05	0.00382101915246777	0.482615098971747	-67.741621422066	0
2013	196	0.000334330969548121	-0.00647357143398923	-0.00613924046444111	1.3403125505963	1.9863107918937	1.52802595510281e-05	0.00422261665397176	0.778620760177345	77.5412378854831	0
2013	197	0.460356542049861	-0.747596746783992	-0.28724020473413	2.63887533326254	4.37543102522886	3.10921206000337e-05	0.00923677120442039	1.61638271952758	124.868014928403	0
2013	198	0.61896905440888	-0.792691426605811	-0.173722372196932	2.28139471274479	3.66248816914135	2.61207565435978e-05	0.00769368396634006	1.35381999206819	146.230321443745	0
2013	199	2.32638552795162	-2.72324985714752	-0.396864329195898	3.03925619595938	5.13870903998512	3.77241342855966e-05	0.0107649049171459	2.05711877521985	99.0836600322438	0
2013	200	2.53756890174143	-4.8767666186804	-2.33919771693896	0.889506631181833	0.422434554300187	1.06650629994555e-05	0.000889936113922801	0.964471081467712	67.759859386217	0
2013	201	3.06964424827517	-5.62131162798184	-2.55166737970666	0.882815414838506	0.531754441895548	8.99246445897953e-06	0.0011396750243266	1.00744883451347	85.9660251375962	0
2013	202	3.15659239606443	-4.97998705634861	-1.82339466028418	1.11095338755064	1.50829402447779	1.3762146285621e-05	0.00327697331993153	0.799077814135378	16.2794824855701	0
2013	203	2.17532164901999	-5.20759393109951	-3.03227228207952	1.17858365833302	0.457058878178076	2.25564955288872e-05	0.00100481287496141	1.1329181869734	43.7254577055189	0
2013	204	1.15859360580585	-3.41290185499136	-2.25430824918551	1.14295251162069	0.229501548815133	1.42531215822392e-05	0.000515587782323242	1.08723029854093	45.3779753187531	0
2013	205	2.127775016789	-2.95922903903284	-0.831454022243833	1.07859456239416	0.844673333042235	2.12404133570334e-05	0.00191466032835128	0.685278368374968	41.5354359232635	0
2013	206	1.7110709556383	-2.32916416051537	-0.618093204877068	1.17281602839066	0.808348861525269	1.92311266549588e-05	0.00182909922345583	0.762327847756246	-8.06543070483528	0
2013	207	2.12221672201585	-6.67224371762526	-4.5500269956094	1.46355453313169	1.45128046498594	3.05446179640259e-05	0.00332927607531704	1.29780660098095	75.6749664502838	0
2013	208	1.67055171195195	-4.21084087669794	-2.54028916474599	0.682807565648897	0.534033105167212	2.8246937286905e-05	0.0012631694587907	0.798045197436773	-15.0845066433915	0
2013	209	1.33248895486587	-3.81970004544147	-2.4872110905756	1.04023945220194	1.11651910726904	7.87296751787617e-05	0.00272034439015711	0.769012065233016	-30.6836745873539	0
2013	210	0.56171410869282	-1.00669606212186	-0.444981953429044	1.67634663741872	2.40925765388163	2.10522786943595e-05	0.00577342756510181	0.86220049811736	50.3611825264376	0
2013	211	0.0112081600989476	-0.592702495753058	-0.581494335654111	1.91534531369085	3.33224217676046	5.24281006024956e-05	0.00797892362378014	1.19872351317501	83.3666789476113	1
2013	212	2.90857397980572	-1.98386632320284	0.924707656602883	3.14869171197593	4.51699675266253	5.5253831982202e-05	0.0106635238883407	1.41045635195446	100.027770689137	0
2013	213	0.755278035383191	-1.40086752595385	-0.645589490570659	1.17202365793633	2.03461225110748	1.44044343466364e-05	0.0047320487675179	0.527562409717241	-50.6253131381481	0
2013	214	0.955645868196483	-1.93251862949395	-0.976872761297462	0.951833115845163	1.50379245140107	1.07668975086295e-05	0.00348054013506022	0.353102304938587	-75.0237841223495	0
2013	215	0.873160636465803	-1.81702670485807	-0.943866068392271	0.902457646063665	1.44404429437934	1.11703712706063e-05	0.00336327493614067	0.340456916934553	-64.6795346765579	0
2013	216	1.42317818903805	-1.60024036101279	-0.177062171974739	0.975471611180043	1.4142933000433	1.36677527091808e-05	0.00327908109437732	0.379007850151219	-24.4036282405692	0
2013	217	0.441883578079798	-0.998317782879397	-0.556434204799599	0.475707374627648	0.831935474967578	3.12599307802473e-05	0.00197525474445362	0.272183897142867	-37.1738231815655	0
2013	218	0.0622823381558723	-0.20200252547357	-0.139720187317698	0.898387840573655	1.47859503872846	1.2145250736764e-05	0.00340624672846553	0.550175360101876	7.58319676291212	0
2013	219	0.834358867634504	-1.80416463590953	-0.969805768275024	0.561255830103005	0.859741524642102	9.45091248562651e-06	0.00199370714701728	0.293115859715974	-12.6115766297144	0
2013	220	0.626196149699143	-1.74902314015262	-1.12282699045348	0.669379827161746	1.32449128388552	1.74443880474116e-05	0.00310096847542627	0.319138050445389	-73.9958510139123	0
2013	221	1.31090139435106	-2.33724926551191	-1.02634787116084	0.854286784893155	1.31983697337711	1.25695985623237e-05	0.00309147232479768	0.315837422846909	-54.2356377763582	0
2013	222	0.823675829419594	-0.722828467139979	0.100847362279615	1.08707537583317	1.60288747419029	1.57244517194902e-05	0.00372179966668294	0.47533029158045	-9.4301796698253	0
2013	223	0.976724062033405	-1.51241818632827	-0.535694124294867	1.35454727229387	2.23937969915287	2.57186985652309e-05	0.00518867122903589	0.64028013131326	23.2842050081789	0
2013	224	0.986759175195133	-2.45488749488692	-1.46812831969179	0.883182831598386	1.36842151424286	1.20756001903036e-05	0.00319438699699699	0.324622092845217	-73.8472546191306	0
2013	225	0.351243909249187	-1.63980362747707	-1.28855971822788	0.497592332032341	0.885676645758331	7.26369997289105e-06	0.00209187297944037	0.370488570658229	28.7926646328588	0
2013	226	2.32016831672504	-2.66437558810147	-0.344207271376433	1.23749408145988	1.90988103817404	1.91896160654945e-05	0.00450047851150019	0.439956821473498	-34.6005872763044	0
2013	227	0.888322661443964	-0.754269664676907	0.134052996767057	1.017195098255	1.56613140454272	1.30167149944398e-05	0.00364931252626822	0.46314278955983	-63.3302690652398	0
2013	228	1.15472576146966	-1.71247480746146	-0.557749045991802	1.08600209800948	1.7317778885811	1.34761669233505e-05	0.00397727050852413	0.476273493774993	-52.5090723561219	0
2013	229	0.592176036601373	-0.314241035182743	0.277935001418631	2.3636808281316	3.82291597913946	2.73067816896203e-05	0.00875063381538192	1.34866775837655	72.1981994264493	0
2013	230	1.09793707511041	-1.52998651980237	-0.43204944469196	1.44438927565885	2.3800526757688	1.90357294974136e-05	0.00543785688340331	0.718802947817805	10.8967335969988	0
2013	231	0.949814903742808	-1.53695356038808	-0.587138656645268	1.15426289690567	1.90996656806598	1.67041662178843e-05	0.00433207424383665	0.535365163869699	-47.987399732943	0
2013	232	0.368190527245572	-0.91520653518258	-0.547016007937009	0.882695373874839	1.62400392468386	1.29645514358435e-05	0.0036339895689521	0.502498140073122	-24.9441085094501	0
2013	233	0.0173307678609538	-1.26626973381665	-1.2489389659557	1.05482793915073	2.32892546021574	2.06584751587971e-05	0.00522876471915871	0.709057731002574	-28.8808741833746	0
2013	234	1.1726956507639	-1.59292274682469	-0.420227096060789	1.24009158696665	2.03657552063263	1.45708335424797e-05	0.0045623423656039	0.572414071384382	19.8145967528322	0
2013	235	0.43075259594102	-0.366635675890618	0.0641169200504021	1.16369221122472	1.82856832978015	1.42557579353866e-05	0.00410678726135635	0.659401796085966	12.1025293687725	0
2013	236	1.38346429997411	-2.38879584002098	-1.00533154004687	0.893845536898518	1.4309385411489	1.37911884210915e-05	0.00323831352790563	0.381642438627785	-6.80124505820152	0
2013	237	0.000150845438030599	-0.285427651347839	-0.285276805909808	1.19605793886432	2.134215443199	1.57582768297927e-05	0.00471498654329227	0.755898421138226	14.4574692364711	0
2013	238	0.0158529177276712	-0.193615537704113	-0.177762619976442	1.72130455119776	3.24805873424392	3.07219050638951e-05	0.00708710391485992	1.30348538247684	91.5493053706843	0
2013	239	0.361595510159589	-1.97899212186637	-1.61739661170678	1.99757416108654	3.88887140397909	4.9985664689463e-05	0.00851479748977469	1.64101942911985	139.77737067843	0
2013	240	0.0777108278022277	-0.99091815597498	-0.913207328172752	0.597323877421514	2.68198652532328	8.15177662079191e-06	0.00581114951996192	1.52506318478109	158.707217333649	0
2013	241	1.78066932724415	-0.157709622282466	1.62295970496169	0.902628773071804	2.59505432911564	2.43271021891615e-05	0.00572208331400453	1.85666930864917	173.970003241396	0
2013	242	1.73024012267152	-3.22814318218925	-1.49790305951772	0.849097709935906	1.4506821405035	1.70286808991053e-05	0.00324358446150866	0.437677737168393	28.271909499954	0
2013	243	0.346138569128771	-0.0299321493994241	0.316206419729347	1.38087404061522	2.37996896336782	1.91634221502074e-05	0.00527413431594834	1.01737584633059	110.900368657163	0
2013	244	0.142710126153174	-1.05428648316122	-0.911576357008049	0.947065407174492	1.8643534930066	3.16794080398756e-05	0.00423983228248372	0.606079324884211	34.2749100936917	0
2013	245	1.84681980151046	-6.20303373295708	-4.35621393144662	0.912523250534639	1.99028463391158	3.65773034309494e-05	0.00465858071490285	0.757724316587854	58.4531642170551	0
2013	246	2.34258028325379	-1.75124651459485	0.591333768658932	1.68197405527318	2.50574557207123	2.15181679757281e-05	0.00584714707716854	1.14296785939388	52.1584756199744	0
2013	247	1.21761938306505	-1.69168419387637	-0.474064810811316	2.22248399991179	3.85207374117232	3.20284270618212e-05	0.00896608434494195	1.3567354017018	95.8810191138463	0
2013	248	0.169286826555728	-0.0282395958590534	0.141047230696675	1.30489061505193	2.10486370347879	1.68633439654787e-05	0.00487113632386865	0.846513816958083	102.818302341845	0
2013	249	0.0185508324658681	-0.878455456341688	-0.85990462387582	1.63716483261553	2.8323874699018	3.87468956522532e-05	0.00656462116713796	0.979532436266802	57.9715993984497	0
2013	250	1.26768490784525	-0.0907473439134495	1.1769375639318	2.61845590183104	3.53838145764612	5.47447099815606e-05	0.00816519275328645	1.62506240184406	120.915112267396	0
2013	251	0.454382710855033	-0.441997978862442	0.0123847319925904	1.21883197729519	2.16469278212187	2.18134305729935e-05	0.00504266102537928	0.755652787913691	69.3031934091695	0
2013	252	0.00123540855187894	-0.635557533964017	-0.634322125412138	1.11630064315158	2.05386693942759	6.80243897522642e-05	0.00480785469113193	0.733266980865946	3.05078359417542	1
2013	253	1.18562468030175	-1.21557168498485	-0.0299470046831016	2.08769740908601	3.19835968076995	5.62565489658129e-05	0.00741021621396686	1.13660448934946	77.039413130001	0
2013	254	1.78553100297647	-2.46164840194037	-0.676117398963902	2.11667308894108	3.45208198772346	3.4360899057123e-05	0.00796325629696099	1.03122443102871	65.0318875236017	0
2013	255	2.30749385115411	-6.43355492534193	-4.12606107418782	1.10073853615914	2.43100314915845	3.01673034866214e-05	0.00576499047088341	0.79818828969653	42.4125995835631	0
