Year	doy	Date	TN_load	TP_load	DOC_load	inflow
2013	121	2013-05-01	4.354252611	0.057002323	69.66254538	0.021149285
2013	122	2013-05-02	3.430935792	0.041309155	57.88109636	0.016948527
2013	123	2013-05-03	2.494875001	0.027421749	46.79073316	0.012572252
2013	124	2013-05-04	2.116028517	0.021006477	43.74246071	0.010871535
2013	125	2013-05-05	2.387973311	0.022995443	50.89222586	0.012241089
2013	126	2013-05-06	2.510969417	0.024095468	53.99828607	0.012753786
2013	127	2013-05-07	2.608413028	0.024946556	56.57628299	0.013131485
2013	128	2013-05-08	2.399264219	0.022867996	52.48957237	0.011969294
2013	129	2013-05-09	1.980350799	0.018811528	43.69076866	0.00979053
2013	130	2013-05-10	1.690772976	0.016007996	37.60541109	0.008285193
2013	131	2013-05-11	1.168415964	0.011026805	26.19182939	0.005675839
2013	132	2013-05-12	0.905048232	0.008513817	20.44591341	0.00435811
2013	133	2013-05-13	0.794857027	0.00745318	18.09482501	0.003793911
2013	134	2013-05-14	0.643578015	0.006015752	14.75967201	0.003045433
2013	135	2013-05-15	0.660313735	0.006199533	15.31901354	0.003093096
2013	136	2013-05-16	0.661278543	0.006447939	15.75650683	0.003056599
2013	137	2013-05-17	0.596677944	0.006062242	14.62632744	0.002719179
2013	138	2013-05-18	1.16206128	0.012347227	29.39128038	0.005209791
2013	139	2013-05-19	1.416864787	0.015547962	36.66234612	0.006273705
2013	140	2013-05-20	1.054744524	0.011981508	27.97447826	0.004605539
2013	141	2013-05-21	1.204882477	0.014182848	32.78710371	0.005182297
2013	142	2013-05-22	1.319525463	0.015983962	36.6616019	0.00560125
2013	143	2013-05-23	1.431350585	0.017462683	39.94577835	0.006014111
2013	144	2013-05-24	0.582293532	0.007099309	16.22186659	0.002419051
2013	145	2013-05-25	0.487432943	0.005938957	13.5562164	0.00200285
2013	146	2013-05-26	0.332474827	0.004048487	9.231937082	0.001352006
2013	147	2013-05-27	0.157426654	0.001915694	4.363712442	0.000632852
2013	148	2013-05-28	0.161725606	0.001966755	4.475337478	0.000642875
2013	149	2013-05-29	0.447009616	0.005468897	12.49093854	0.001780203
2013	150	2013-05-30	0.38711116	0.004932896	11.57397052	0.001634274
2013	151	2013-05-31	0.602597518	0.008038154	19.3994882	0.002715799
2013	152	2013-06-01	0.766427682	0.010815849	26.95310351	0.003737344
2013	153	2013-06-02	0.655596073	0.009661076	24.63046983	0.00339257
2013	154	2013-06-03	0.436507742	0.006875016	18.10221516	0.002470389
2013	155	2013-06-04	0.268273365	0.004498861	12.17808826	0.001649056
2013	156	2013-06-05	0.158261212	0.002907177	7.937006014	0.001066388
2013	157	2013-06-06	0.52552513	0.010650627	26.85226534	0.003603287
2013	158	2013-06-07	0.439292214	0.00977443	22.60177445	0.00303188
2013	159	2013-06-08	0.454549196	0.011128603	23.56801279	0.003160297
2013	160	2013-06-09	0.240588359	0.006343777	12.55532818	0.001683045
2013	161	2013-06-10	0.247244064	0.00715459	13.01615181	0.001744079
2013	162	2013-06-11	0.31421912	0.009756744	16.66067662	0.002231656
2013	163	2013-06-12	0.19293278	0.006310427	10.31269646	0.001376295
2013	164	2013-06-13	0.287071381	0.009354017	15.48652087	0.002039903
2013	165	2013-06-14	0.089937006	0.00289259	4.900145707	0.000635569
2013	166	2013-06-15	0.051573847	0.001634104	2.841352141	0.000362182
2013	167	2013-06-16	0.173430467	0.00541343	9.658856224	0.001210365
2013	168	2013-06-17	0.2283214	0.00703176	12.8369878	0.001584644
2013	169	2013-06-18	0.120344608	0.00366379	6.820382201	0.000831301
2013	170	2013-06-19	0.083527213	0.002524462	4.741496952	0.000573128
2013	171	2013-06-20	0.227957223	0.007073522	12.47264994	0.001549619
2013	172	2013-06-21	0.642396055	0.020430167	33.91229046	0.004331225
2013	173	2013-06-22	0.46964573	0.015192619	24.15429936	0.003148061
2013	174	2013-06-23	0.446810861	0.014853638	21.98476116	0.002966272
2013	175	2013-06-24	0.297183902	0.01003518	14.23494088	0.001961745
2013	176	2013-06-25	0.191298826	0.006603569	8.804918708	0.001252446
2013	177	2013-06-26	0.181832403	0.00646444	8.104370953	0.001183509
2013	178	2013-06-27	0.325701633	0.011911334	14.65479186	0.002127176
2013	179	2013-06-28	0.286823353	0.010924096	13.13605854	0.00188436
2013	180	2013-06-29	0.361343463	0.014228726	16.79642681	0.002385852
2013	181	2013-06-30	0.2309544	0.009386936	10.89074643	0.001532401
2013	182	2013-07-01	0.168885449	0.007081022	8.078898293	0.001126106
2013	183	2013-07-02	0.05697808	0.002472827	2.770123817	0.000382064
2013	184	2013-07-03	0.038225194	0.001698058	1.883032488	0.000257641
2013	185	2013-07-04	0.038699129	0.001659198	1.901901	0.000261595
2013	186	2013-07-05	0.03538874	0.001459442	1.732923826	0.000239786
2013	187	2013-07-06	0.048465591	0.001886424	2.361066303	0.000329495
2013	188	2013-07-07	1.41503339	0.052506092	68.65577402	0.009645435
2013	189	2013-07-08	1.854087831	0.065914551	89.64480989	0.012666539
2013	190	2013-07-09	0.993943037	0.033212052	47.82614518	0.006811172
2013	191	2013-07-10	1.595920419	0.051009293	77.19241776	0.010981462
2013	192	2013-07-11	0.808284969	0.024967705	42.81561442	0.005700995
2013	193	2013-07-12	0.542855421	0.016260825	31.93576489	0.003944724
2013	194	2013-07-13	0.402820269	0.011673827	26.15462645	0.003016652
2013	195	2013-07-14	0.331220478	0.009258198	23.63898985	0.002558168
2013	196	2013-07-15	0.242702178	0.006528097	18.92375747	0.001932872
2013	197	2013-07-16	0.163378358	0.004201403	13.94789585	0.001345188
2013	198	2013-07-17	0.111118928	0.002742255	10.20921439	0.000943442
2013	199	2013-07-18	0.070200615	0.001738699	6.415520335	0.000605205
2013	200	2013-07-19	0.10935071	0.002734478	9.838033162	0.000954736
2013	201	2013-07-20	0.086212517	0.002175272	7.640990623	0.000761639
2013	202	2013-07-21	0.04807125	0.001225312	4.186797381	0.000430386
2013	203	2013-07-22	0.041550876	0.001070476	3.55132328	0.000377235
2013	204	2013-07-23	0.044641481	0.001160469	3.753814536	0.000410063
2013	205	2013-07-24	0.02948929	0.000774865	2.430452308	0.000274688
2013	206	2013-07-25	0.047380918	0.001299117	3.633570834	0.000424954
2013	207	2013-07-26	0.164038955	0.004841181	10.95903004	0.00128385
2013	208	2013-07-27	0.134864739	0.004313376	7.44094203	0.000870978
2013	209	2013-07-28	0.168870954	0.005664894	8.074469948	0.000944436
2013	210	2013-07-29	0.208219354	0.007230507	8.799148736	0.001028448
2013	211	2013-07-30	0.151632823	0.005414834	5.70470622	0.000666253
2013	212	2013-07-31	0.19408855	0.007055528	6.68239298	0.000779798
2013	213	2013-08-01	0.225795492	0.008196119	7.693238208	0.000897148
2013	214	2013-08-02	0.204467108	0.00739884	6.926785681	0.00080715
2013	215	2013-08-03	0.156726369	0.005654329	5.280237275	0.000614827
2013	216	2013-08-04	0.108601514	0.003906343	3.638631565	0.000423361
2013	217	2013-08-05	0.163818841	0.005871443	5.452415213	0.000633825
2013	218	2013-08-06	0.234658779	0.008396529	7.76270515	0.000903212
2013	219	2013-08-07	0.226184232	0.008161931	7.33380769	0.000868846
2013	220	2013-08-08	0.134027302	0.004894869	4.232738669	0.000514235
2013	221	2013-08-09	0.186275785	0.006880346	5.733433414	0.0007139
2013	222	2013-08-10	0.154016164	0.005753119	4.616182861	0.000589598
2013	223	2013-08-11	0.104137169	0.003931056	3.041740524	0.000398226
2013	224	2013-08-12	0.094433198	0.003605159	2.680184239	0.000360699
2013	225	2013-08-13	0.06402883	0.002469919	1.767965034	0.000244301
2013	226	2013-08-14	0.05214431	0.002034739	NA	0.000198714
2013	227	2013-08-15	0.070618456	0.002784186	NA	0.00026882
2013	228	2013-08-16	0.06304972	0.002510653	NA	0.000239751
2013	229	2013-08-17	0.065365577	0.002629451	NA	0.000248281
2013	230	2013-08-18	0.039152441	0.001592012	NA	0.000148538
2013	231	2013-08-19	0.03186755	0.001306829	NA	0.000120786
2013	232	2013-08-20	0.01667018	0.000690594	NA	6.31115e-05
2013	233	2013-08-21	0.058167389	0.002444475	NA	0.000219854
2013	234	2013-08-22	0.170398651	0.007201344	NA	0.000643635
2013	235	2013-08-23	0.10987923	0.004688867	NA	0.00041457
2013	236	2013-08-24	0.078879928	0.00339579	NA	0.000297302
2013	237	2013-08-25	0.074673815	0.003246505	NA	0.000281119
2013	238	2013-08-26	0.370341342	0.016266624	NA	0.001392478
2013	239	2013-08-27	1.38255626	0.061254079	NA	0.005192918
2013	240	2013-08-28	0.933460696	0.041715699	NA	0.00350238
2013	241	2013-08-29	0.757839041	0.0341961	NA	0.002840029
2013	242	2013-08-30	0.861840835	0.039207002	NA	0.003226479
2013	243	2013-08-31	0.645932137	0.029636345	NA	0.002415571
2013	244	2013-09-01	0.533379861	0.024690926	NA	0.001992394
2013	245	2013-09-02	0.471647024	0.022018084	NA	0.001759878
2013	246	2013-09-03	0.429979323	0.020246678	NA	0.001602598
2013	247	2013-09-04	0.375392958	0.017819469	NA	0.001397661
2013	248	2013-09-05	0.339958402	0.016276993	NA	0.001264283
2013	249	2013-09-06	0.309899405	0.014954301	NA	0.001151287
2013	250	2013-09-07	0.332085688	0.016160112	NA	0.001232307
2013	251	2013-09-08	0.273571947	0.013417805	NA	0.001014083
2013	252	2013-09-09	0.268311241	0.013264502	NA	0.000993496
2013	253	2013-09-10	0.347249803	0.017302198	NA	0.001284384
2013	254	2013-09-11	0.34579129	0.017365565	NA	0.001277578
2013	255	2013-09-12	0.291362247	0.014739269	NA	0.00107537
2013	256	2013-09-13	0.229711139	0.011712768	NA	0.000846868
2013	257	2013-09-14	0.206276314	0.010559347	NA	0.000760035
