Year	doy	Date	TN_load	TP_load	DOC_load	inflow
2016	1	2016-01-01	691.4255773	4.61912703	NA	0.83534265
2016	2	2016-01-02	684.8981245	4.556494799	NA	0.82401597
2016	3	2016-01-03	673.5656052	4.462546452	NA	0.80702595
2016	4	2016-01-04	659.7424761	4.352940048	NA	0.78720426
2016	5	2016-01-05	652.2608604	4.290307817	NA	0.77587758
2016	6	2016-01-06	654.9423028	4.290307817	NA	0.77587758
2016	7	2016-01-07	661.4355036	4.337281991	NA	0.78437259
2016	8	2016-01-08	798.8104944	8.143657961	NA	1.05904458
2016	9	2016-01-09	838.4889913	14.91429999	NA	1.3592016
2016	10	2016-01-10	722.2279127	8.0149683	NA	1.0194012
2016	11	2016-01-11	678.2777019	4.791365665	NA	0.86649102
2016	12	2016-01-12	594.0471376	4.196359471	NA	0.75888756
2016	13	2016-01-13	580.1065731	4.102411125	NA	0.74189754
2016	14	2016-01-14	584.5348676	4.13372724	NA	0.74756088
2016	15	2016-01-15	597.1591766	4.227675587	NA	0.7645509
2016	16	2016-01-16	583.8889727	4.069137752	NA	0.74756088
2016	17	2016-01-17	566.1953674	3.945830547	NA	0.72490752
2016	18	2016-01-18	550.1042666	3.837936743	NA	0.70508583
2016	19	2016-01-19	534.639488	3.730042939	NA	0.68526414
2016	20	2016-01-20	540.6678402	3.776283141	NA	0.69375915
2016	21	2016-01-21	540.6678402	3.776283141	NA	0.69375915
2016	22	2016-01-22	549.4950702	3.837936743	NA	0.70508583
2016	23	2016-01-23	551.0902349	3.853350144	NA	0.7079175
2016	24	2016-01-24	573.1338443	4.00748415	NA	0.7362342
2016	25	2016-01-25	590.1130506	4.130791354	NA	0.75888756
2016	26	2016-01-26	607.7283656	4.186573185	NA	0.78154092
2016	27	2016-01-27	593.856305	4.095560724	NA	0.7645509
2016	28	2016-01-28	609.2525796	4.201741928	NA	0.78437259
2016	29	2016-01-29	591.6568373	4.080391981	NA	0.76171923
2016	30	2016-01-30	601.9838156	4.156235698	NA	0.77587758
2016	31	2016-01-31	612.9689218	4.232079415	NA	0.79003593
2016	32	2016-02-01	610.0917537	4.216910672	NA	0.78720426
2016	33	2016-02-02	627.6483509	4.338260619	NA	0.80985762
2016	34	2016-02-03	660.5669707	4.565791771	NA	0.85233267
2016	35	2016-02-04	613.7958629	4.247248159	NA	0.7928676
2016	36	2016-02-05	600.6430944	4.089199639	NA	0.77587758
2016	37	2016-02-06	599.9727338	4.089199639	NA	0.77587758
2016	38	2016-02-07	626.248912	4.268288674	NA	0.80985762
2016	39	2016-02-08	605.8640781	4.133971897	NA	0.78437259
2016	40	2016-02-09	559.9321444	3.820566086	NA	0.72490752
2016	41	2016-02-10	516.1874456	3.52208436	NA	0.66827412
2016	42	2016-02-11	480.6534408	3.28329898	NA	0.6229674
2016	43	2016-02-12	456.6207688	3.119134031	NA	0.59181903
2016	44	2016-02-13	436.4683592	2.984817254	NA	0.566334
2016	45	2016-02-14	423.3743084	2.847809249	NA	0.54934398
2016	46	2016-02-15	425.5566502	2.862488678	NA	0.55217565
2016	47	2016-02-16	431.6192544	2.906526966	NA	0.56067066
2016	48	2016-02-17	442.5187305	2.979924111	NA	0.57482901
2016	49	2016-02-18	473.0372637	3.185436119	NA	0.61447239
2016	50	2016-02-19	1453.92895	77.51815067	NA	2.14640586
2016	51	2016-02-20	2518.74538	422.1559158	NA	4.1059215
2016	52	2016-02-21	1754.411971	297.3171574	NA	3.4829541
2016	53	2016-02-22	817.729832	49.89537958	NA	1.45831005
2016	54	2016-02-23	717.2148877	25.70955216	NA	1.18080639
2016	55	2016-02-24	681.3163437	14.48614997	NA	1.08169794
2016	56	2016-02-25	605.0273506	10.7688292	NA	0.95144112
2016	57	2016-02-26	556.8690368	9.494654755	NA	0.87215436
2016	58	2016-02-27	563.0539696	9.206693287	NA	0.88064937
2016	59	2016-02-28	620.8517752	9.706038534	NA	0.96843114
2016	60	2016-02-29	613.4239841	9.151890085	NA	0.95427279
2016	61	2016-03-01	559.5676052	7.96163304	NA	0.86932269
2016	62	2016-03-02	559.9908621	7.56137394	NA	0.86649102
2016	63	2016-03-03	511.2624971	6.552897159	NA	0.79003593
2016	64	2016-03-04	501.6034327	6.078017627	NA	0.77304591
2016	65	2016-03-05	528.7310178	6.038627826	NA	0.81268929
2016	66	2016-03-06	565.1580211	6.103706628	NA	0.87215436
2016	67	2016-03-07	618.2486231	6.507880243	NA	0.9910845
2016	68	2016-03-08	629.3364852	6.392402067	NA	1.04205456
2016	69	2016-03-09	628.0006572	5.868346448	NA	1.01373786
2016	70	2016-03-10	566.9489115	4.839807781	NA	0.88914438
2016	71	2016-03-11	526.2086025	4.154278441	NA	0.80136261
2016	72	2016-03-12	510.7756294	3.671814537	NA	0.75888756
2016	73	2016-03-13	519.7300811	3.726617739	NA	0.77021424
2016	74	2016-03-14	556.0347559	3.986932949	NA	0.82401597
2016	75	2016-03-15	563.1395996	5.159085364	NA	0.84100599
2016	76	2016-03-16	2000.952983	177.3715421	NA	3.6528543
2016	77	2016-03-17	1127.918402	40.69651532	NA	1.76413041
2016	78	2016-03-18	816.6704665	12.80241945	NA	1.19496474
2016	79	2016-03-19	697.3854255	9.74934285	NA	1.01656953
2016	80	2016-03-20	625.0818974	8.771692871	NA	0.91462941
2016	81	2016-03-21	587.2627948	8.282867881	NA	0.86365935
2016	82	2016-03-22	567.7611732	8.038455386	NA	0.83817432
2016	83	2016-03-23	601.8761665	9.138433942	NA	0.91179774
2016	84	2016-03-24	736.5403561	14.9490413	NA	1.26292482
2016	85	2016-03-25	649.2564705	12.86358374	NA	1.17231138
2016	86	2016-03-26	729.4110467	15.48899964	NA	1.27141983
2016	87	2016-03-27	639.0151222	12.91422777	NA	1.10718297
2016	88	2016-03-28	601.7391585	11.46169826	NA	1.03639122
2016	89	2016-03-29	536.7166272	9.621142502	NA	0.92029275
2016	90	2016-03-30	571.4603894	9.678636933	NA	0.97409448
2016	91	2016-03-31	1113.933799	37.96687548	NA	2.07278244
2016	92	2016-04-01	940.3275309	28.48176235	NA	1.65652695
2016	93	2016-04-02	762.5669839	13.68709971	NA	1.25726148
2016	94	2016-04-03	698.5597798	9.231648316	NA	1.10151963
2016	95	2016-04-04	632.5659596	6.191783203	NA	0.96843114
2016	96	2016-04-05	585.8413368	5.368267229	NA	0.90047106
2016	97	2016-04-06	737.6462064	12.31310515	NA	1.31955822
2016	98	2016-04-07	643.0690912	8.125064018	NA	1.14682635
2016	99	2016-04-08	607.7968696	6.938721488	NA	1.01656953
2016	100	2016-04-09	564.8203943	6.080219542	NA	0.92595609
2016	101	2016-04-10	556.9717928	5.750911015	NA	0.91179774
2016	102	2016-04-11	536.21508	5.384903916	NA	0.8778177
2016	103	2016-04-12	491.9370287	4.724818919	NA	0.80419428
2016	104	2016-04-13	479.8118202	4.405052022	NA	0.78437259
2016	105	2016-04-14	470.0818053	4.110729468	NA	0.76738257
2016	106	2016-04-15	482.2241397	4.012866607	NA	0.78720426
2016	107	2016-04-16	474.2189577	3.807109942	NA	0.77304591
2016	108	2016-04-17	464.4497976	3.527466818	NA	0.75605589
2016	109	2016-04-18	457.4917482	3.28158638	NA	0.74472921
2016	110	2016-04-19	456.3932376	3.076808344	NA	0.74189754
2016	111	2016-04-20	465.1030322	3.004879141	NA	0.75605589
2016	112	2016-04-21	456.3932376	2.884507822	NA	0.74189754
2016	113	2016-04-22	445.9414841	2.818450391	NA	0.72490752
2016	114	2016-04-23	438.9736484	2.774412104	NA	0.71358084
2016	115	2016-04-24	447.683443	2.829459963	235.7887216	0.72773919
2016	116	2016-04-25	442.4575662	2.796431247	234.6046955	0.71924418
2016	117	2016-04-26	442.4575662	2.796431247	236.173067	0.71924418
2016	118	2016-04-27	445.9414841	2.818450391	239.6134183	0.72490752
2016	119	2016-04-28	509.6771188	3.225804549	276.0542295	0.82967931
2016	120	2016-04-29	500.2749444	3.17075669	273.1217174	0.81552096
2016	121	2016-04-30	548.4283651	4.741455606	308.3080179	0.91462941
2016	122	2016-05-01	530.3335221	7.190963012	320.8700185	0.94577778
2016	123	2016-05-02	481.206366	5.394690202	284.2578304	0.83251098
2016	124	2016-05-03	464.5598934	4.826596295	266.6124283	0.77587758
2016	125	2016-05-04	462.0056727	4.606894172	263.4082298	0.76171923
2016	126	2016-05-05	436.2432746	4.225718329	250.28841	0.71924418
2016	127	2016-05-06	424.2208221	3.988400892	244.9158466	0.69942249
2016	128	2016-05-07	431.090795	3.93017249	250.4319425	0.71074917
2016	129	2016-05-08	415.6333561	3.670835909	242.9465862	0.68526414
2016	130	2016-05-09	407.0458901	3.479024701	239.3904304	0.67110579
2016	131	2016-05-10	508.9113419	4.92494847	309.9595729	0.86365935
2016	132	2016-05-11	513.8338438	7.36466959	353.7627126	0.97975782
2016	133	2016-05-12	464.9024134	8.55957512	352.8133248	0.97126281
2016	134	2016-05-13	455.740003	6.58372396	309.4007052	0.84666933
2016	135	2016-05-14	475.5841446	5.980399423	302.9192604	0.82401597
2016	136	2016-05-15	455.6984113	5.179881222	280.6320054	0.75888756
2016	137	2016-05-16	438.2519098	4.652889717	271.4962347	0.72773919
2016	138	2016-05-17	427.5383731	4.220335872	266.419204	0.7079175
2016	139	2016-05-18	416.7563324	3.804908028	261.2123761	0.68809581
2016	140	2016-05-19	395.5861491	3.319997553	249.3704353	0.6512841
2016	141	2016-05-20	403.0384059	3.034237999	255.8767811	0.66261078
2016	142	2016-05-21	400.7288424	2.724502045	255.8407263	0.65694744
2016	143	2016-05-22	393.2031884	2.388098461	252.4314876	0.64278909
2016	144	2016-05-23	411.1047522	2.203382311	265.7490999	0.67110579
2016	145	2016-05-24	400.0878407	1.913218929	260.0323541	0.6512841
2016	146	2016-05-25	407.6183878	1.889242528	266.7241246	0.66261078
2016	147	2016-05-26	432.0058127	2.002274132	284.9812442	0.70225416
2016	148	2016-05-27	449.4254019	2.083010992	298.8644017	0.73057086
2016	149	2016-05-28	519.6591306	3.928949204	353.8010975	0.85799601
2016	150	2016-05-29	648.6301482	14.40296654	477.8342383	1.14965802
2016	151	2016-05-30	534.125708	8.429417515	381.9573194	0.91179774
2016	152	2016-05-31	491.5064321	7.429748392	349.078434	0.82684764
2016	153	2016-06-01	673.492208	18.79260516	534.9069233	1.25726148
2016	154	2016-06-02	528.9340832	8.841420159	384.8432484	0.89763939
2016	155	2016-06-03	482.9042866	7.15671101	347.4137325	0.80419428
2016	156	2016-06-04	463.0625916	6.671800535	332.0051995	0.7645509
2016	157	2016-06-05	457.7290657	6.418580383	327.5426456	0.75039255
2016	158	2016-06-06	445.3151618	6.075326398	318.0469965	0.72490752
2016	159	2016-06-07	437.9363021	5.81060736	312.1830441	0.7079175
2016	160	2016-06-08	433.9386042	5.597266323	308.7529451	0.69659082
2016	161	2016-06-09	433.3954653	5.432367403	297.4588532	0.69092748
2016	162	2016-06-10	452.4762766	5.508945092	299.3227943	0.71641251
2016	163	2016-06-11	477.1793093	5.640570639	303.9800257	0.75039255
2016	164	2016-06-12	445.9757361	5.115781048	273.3293268	0.69659082
2016	165	2016-06-13	434.3838802	4.832957381	255.8726605	0.67393746
2016	166	2016-06-14	439.2305384	5.421847145	258.7348045	0.70508583
2016	167	2016-06-15	1048.434187	58.42119201	806.4891745	2.27666268
2016	168	2016-06-16	593.2079636	13.89652623	372.4564724	1.00524285
2016	169	2016-06-17	528.9879078	10.14593209	313.2415958	0.80985762
2016	170	2016-06-18	482.8064238	9.096352911	296.7451522	0.7362342
2016	171	2016-06-19	449.3813637	8.348191341	287.351933	0.68526414
2016	172	2016-06-20	425.8013073	7.843708293	282.4673449	0.64845243
2016	173	2016-06-21	401.6291807	7.292740387	276.3847502	0.61164072
2016	174	2016-06-22	390.4728146	6.987408261	265.432043	0.5946507
2016	175	2016-06-23	385.4010718	6.786300082	258.4115944	0.58615569
2016	176	2016-06-24	368.1600823	6.442801441	244.0881176	0.56067066
2016	177	2016-06-25	338.4097726	5.833115818	221.525186	0.51536394
2016	178	2016-06-26	1059.898821	52.82343637	842.3036769	1.98500067
2016	179	2016-06-27	517.9196182	13.60636285	354.6072763	0.84666933
2016	180	2016-06-28	370.3130653	11.519682	251.6318276	0.60880905
2016	181	2016-06-29	328.9219683	10.39450376	224.0280328	0.54934398
2016	182	2016-06-30	374.271618	12.11199697	261.2752431	0.63146241
2016	183	2016-07-01	490.9779726	14.04821367	344.6626942	0.8211843
2016	184	2016-07-02	378.7635233	8.163964505	273.6135956	0.64278909
2016	185	2016-07-03	344.7317135	7.30790913	251.7732872	0.58332402
2016	186	2016-07-04	333.9912645	6.962208574	246.5718676	0.56350233
2016	187	2016-07-05	340.0147236	6.968325003	253.6935772	0.57199734
2016	188	2016-07-06	511.9304111	13.77077246	404.7386294	0.90047106
2016	189	2016-07-07	566.146436	14.6207114	428.1529014	0.94011444
2016	190	2016-07-08	597.4234063	14.30803956	446.8132052	0.96843114
2016	191	2016-07-09	462.803255	9.038124509	337.2956745	0.74189754
2016	192	2016-07-10	413.6956715	6.894927858	292.9784044	0.65411577
2016	193	2016-07-11	409.3799193	6.247565033	279.8256141	0.63429408
2016	194	2016-07-12	391.2997558	5.472001862	259.5591606	0.59748237
2016	195	2016-07-13	366.300688	5.01253573	238.5778178	0.55783899
2016	196	2016-07-14	351.4255331	4.80898098	230.540817	0.53518563
2016	197	2016-07-15	343.9879557	4.661942031	227.2781337	0.52385895
2016	198	2016-07-16	355.1443218	4.813140151	236.3182305	0.54084897
2016	199	2016-07-17	431.3794904	5.789566845	289.0733902	0.65694744
2016	200	2016-07-18	384.8946315	5.165691107	259.7319588	0.58615569
2016	201	2016-07-19	355.1443218	4.719681119	241.3249726	0.54084897
2016	202	2016-07-20	342.1285614	4.546708513	234.0883516	0.52102728
2016	203	2016-07-21	853.2760696	35.17044423	642.2890019	1.39884498
2016	204	2016-07-22	1391.512018	136.5529428	1567.206415	3.3413706
2016	205	2016-07-23	814.2679333	42.29143529	874.6857212	1.82642715
2016	206	2016-07-24	1229.255395	93.87984237	1467.106523	3.0015702
2016	207	2016-07-25	639.4873105	32.25143975	639.6467003	1.28274651
2016	208	2016-07-26	450.1079954	12.24509046	395.9957333	0.77870925
2016	209	2016-07-27	397.6999869	8.850717131	349.3709929	0.67393746
2016	210	2016-07-28	368.013288	7.41360102	338.7861283	0.61730406
2016	211	2016-07-29	374.1590757	7.407484591	362.4807235	0.62579907
2016	212	2016-07-30	374.1590757	7.407484591	381.5131243	0.62579907
2016	213	2016-07-31	341.9915534	6.770642024	366.1094844	0.57199734
2016	214	2016-08-01	318.7491239	6.301389607	356.9260183	0.53235396
2016	215	2016-08-02	419.7362565	8.65058758	462.0423226	0.70508583
2016	216	2016-08-03	414.4100703	9.101246054	449.5348846	0.70225416
2016	217	2016-08-04	492.4459155	12.52840344	523.8281424	0.83817432
2016	218	2016-08-05	1125.966038	88.76406132	1716.378245	2.81467998
2016	219	2016-08-06	583.4485898	16.85712243	601.1122028	1.01090619
2016	220	2016-08-07	429.2485266	8.965705992	411.8500091	0.71074917
2016	221	2016-08-08	375.6955226	6.512773386	351.5348531	0.6229674
2016	222	2016-08-09	354.1852658	6.055753826	323.4264181	0.58898736
2016	223	2016-08-10	334.4903651	5.735497614	297.8607907	0.55783899
2016	224	2016-08-11	358.4031551	6.275945263	316.4559884	0.60031404
2016	225	2016-08-12	460.2001029	8.813773901	405.1987895	0.77870925
2016	226	2016-08-13	544.0783609	11.23465642	476.9721424	0.92878776
2016	227	2016-08-14	453.1833358	9.383091094	390.2973093	0.77021424
2016	228	2016-08-15	398.3483283	8.117724303	335.5090015	0.67110579
2016	229	2016-08-16	386.0102681	7.809456292	318.3753269	0.64562076
2016	230	2016-08-17	449.8290862	10.64845788	384.2154282	0.79003593
2016	231	2016-08-18	400.1098598	8.91775319	329.9574157	0.68809581
2016	232	2016-08-19	511.1499548	11.49154643	402.9509982	0.86365935
2016	233	2016-08-20	704.5392006	20.22091361	558.7366983	1.23177645
2016	234	2016-08-21	559.7510981	13.23790918	416.7496844	0.94577778
2016	235	2016-08-22	474.6153023	9.51912047	331.829046	0.77587758
2016	236	2016-08-23	441.8361371	9.010722908	317.4620552	0.71924418
2016	237	2016-08-24	505.7063332	10.7893804	386.5938928	0.849501
2016	238	2016-08-25	450.8541997	9.613802788	359.7367842	0.76738257
2016	239	2016-08-26	416.364881	8.581104949	337.4607135	0.69942249
2016	240	2016-08-27	1047.592566	49.55677408	900.6264126	1.81510047
2016	241	2016-08-28	726.0396711	23.28181924	651.1669257	1.27708317
2016	242	2016-08-29	537.3160372	13.91609881	468.5094374	0.89480772
2016	243	2016-08-30	508.2752333	11.38536523	405.5118955	0.78437259
2016	244	2016-08-31	481.6418557	9.770628022	369.9862836	0.72490752
2016	245	2016-09-01	455.6494799	8.396633457	342.3782351	0.6796008
2016	246	2016-09-02	440.0403536	7.48406228	323.8153989	0.6512841
2016	247	2016-09-03	433.7771305	6.991078118	312.572272	0.63712575
2016	248	2016-09-04	433.7404319	6.656142477	305.627556	0.63146241
2016	249	2016-09-05	437.5595301	6.383349753	301.4612603	0.63146241
2016	250	2016-09-06	427.3671131	6.028352225	293.2954806	0.6229674
2016	251	2016-09-07	1957.991187	228.6785934	1984.862286	4.2758217
2016	252	2016-09-08	1405.384078	136.5382634	1412.416979	3.0865203
2016	253	2016-09-09	748.6606714	33.61784994	577.2548288	1.27991484
2016	254	2016-09-10	627.9639586	23.14016275	476.3045767	1.02223287
2016	255	2016-09-11	549.3115774	16.97602581	412.593302	0.85799601
2016	256	2016-09-12	496.5512626	12.82052408	373.4599761	0.75322422
2016	257	2016-09-13	572.1968074	12.51910647	435.3289794	0.85233267
2016	258	2016-09-14	559.2838029	10.18165204	430.1957143	0.81835263
2016	259	2016-09-15	514.6754644	7.534950967	399.5537532	0.73906587
2016	260	2016-09-16	537.6585572	7.081356607	421.6036904	0.75888756
2016	261	2016-09-17	511.5365131	6.447939241	405.4751651	0.71074917
2016	262	2016-09-18	483.4033872	5.814521874	386.2510228	0.65977911
2016	263	2016-09-19	483.7752661	5.651580211	392.7047396	0.65411577
2016	264	2016-09-20	482.5373009	5.861496048	421.6393405	0.68526414
2016	265	2016-09-21	1072.075407	64.32452443	1193.898826	1.89438723
2016	266	2016-09-22	1795.049524	267.8384172	2648.994759	4.1059215
2016	267	2016-09-23	862.1081928	53.21146262	1050.481264	1.59139854
2016	268	2016-09-24	668.4571638	24.99613191	739.7406509	1.09585629
2016	269	2016-09-25	649.6234563	15.49560538	679.9103441	0.98542116
2016	270	2016-09-26	596.0728988	13.22029387	630.7537476	0.89480772
2016	271	2016-09-27	554.3735339	11.93046136	595.1973151	0.82684764
2016	272	2016-09-28	582.0393646	12.08850988	634.5945217	0.86365935
2016	273	2016-09-29	577.3517336	11.63540483	639.0015033	0.85233267
2016	274	2016-09-30	563.6607193	10.93030292	632.2440616	0.82684764
2016	275	2016-10-01	582.5066598	10.89898681	629.4685157	0.85233267
2016	276	2016-10-02	584.4418978	10.93519607	609.223291	0.85516434
2016	277	2016-10-03	570.8952313	10.53738354	573.2834721	0.83534265
2016	278	2016-10-04	557.3485648	10.14642141	538.3791193	0.81552096
2016	279	2016-10-05	553.4780887	9.866044312	513.4872829	0.80985762
2016	280	2016-10-06	559.2838029	9.828122453	497.4985351	0.81835263
2016	281	2016-10-07	662.4190253	11.34622008	561.7928476	0.96559947
2016	282	2016-10-08	627.2275406	8.94955862	487.7925934	0.8778177
2016	283	2016-10-09	592.5155839	7.706944945	433.3736009	0.81835263
2016	284	2016-10-10	575.4262818	7.356106589	400.5938167	0.79569927
2016	285	2016-10-11	564.5121262	7.090164265	373.052339	0.78154092
2016	286	2016-10-12	612.3230269	7.932029525	387.1361454	0.85799601
2016	287	2016-10-13	604.5576089	7.702296459	357.5034102	0.84100599
2016	288	2016-10-14	574.7387952	7.21860927	333.7752969	0.79569927
2016	289	2016-10-15	567.2425001	7.209556955	325.7908975	0.78720426
2016	290	2016-10-16	800.6160642	11.56445426	467.0268126	1.14399468
2016	291	2016-10-17	648.5591977	8.585019464	363.6932464	0.90330273
2016	292	2016-10-18	600.6088424	7.624495485	330.5152349	0.83251098
2016	293	2016-10-19	562.4667924	7.064475264	304.782153	0.77870925
2016	294	2016-10-20	546.1041221	6.858963256	291.6697312	0.75605589
2016	295	2016-10-21	543.4080003	6.833274255	NA	0.75322422
2016	296	2016-10-22	533.1935642	6.704829251	NA	0.73906587
2016	297	2016-10-23	527.0649026	6.627762248	NA	0.73057086
2016	298	2016-10-24	514.1910432	6.473628242	NA	0.71358084
2016	299	2016-10-25	508.0697213	6.396561239	NA	0.70508583
2016	300	2016-10-26	2866.892507	429.006316	NA	5.946507
2016	301	2016-10-27	1545.425832	173.6185013	NA	3.1997871
2016	302	2016-10-28	880.3302575	41.42730623	NA	1.57724019
2016	303	2016-10-29	774.780269	23.48830988	NA	1.28840985
2016	304	2016-10-30	715.4019782	15.7546973	NA	1.14682635
2016	305	2016-10-31	692.6243973	12.17903303	NA	1.0760346
2016	306	2016-11-01	690.6916058	11.49643957	NA	1.0477179
2016	307	2016-11-02	655.3949185	10.40575799	NA	0.97126281
2016	308	2016-11-03	654.8615659	9.917177656	NA	0.94860945
2016	309	2016-11-04	653.6236007	9.440340867	NA	0.92595609
2016	310	2016-11-05	654.506813	9.003383194	NA	0.9061344
2016	311	2016-11-06	640.6861305	8.412291514	NA	0.86932269
2016	312	2016-11-07	641.420102	8.0269565	NA	0.85233267
2016	313	2016-11-08	645.9756181	7.702296459	NA	0.84100599
2016	314	2016-11-09	641.3026665	7.282709444	NA	0.81835263
2016	315	2016-11-10	644.977417	6.972728832	NA	0.80702595
2016	316	2016-11-11	643.6856272	6.648460243	NA	0.79003593
2016	317	2016-11-12	651.9476992	6.397490936	NA	0.78437259
2016	318	2016-11-13	663.4686045	6.194180843	NA	0.78437259
2016	319	2016-11-14	675.3858544	6.066910192	NA	0.78720426
2016	320	2016-11-15	671.2022171	6.009758282	NA	0.78154092
2016	321	2016-11-16	668.770325	5.987983795	NA	0.77870925
2016	322	2016-11-17	671.2022171	6.009758282	NA	0.78154092
2016	323	2016-11-18	656.6108645	5.879111363	NA	0.7645509
2016	324	2016-11-19	629.8600515	5.639592011	NA	0.73340253
2016	325	2016-11-20	620.1324832	5.552494065	NA	0.72207585
2016	326	2016-11-21	622.5643753	5.574268551	NA	0.72490752
2016	327	2016-11-22	629.8600515	5.639592011	NA	0.73340253
2016	328	2016-11-23	680.9297854	6.096856228	NA	0.7928676
2016	329	2016-11-24	678.4978934	6.075081741	NA	0.79003593
2016	330	2016-11-25	656.6108645	5.879111363	NA	0.7645509
2016	331	2016-11-26	649.3151883	5.813787903	NA	0.75605589
2016	332	2016-11-27	649.5720783	6.489139505	NA	0.76171923
2016	333	2016-11-28	949.6416286	44.84418802	NA	1.69617033
2016	334	2016-11-29	1266.624328	76.21999982	NA	2.14640586
2016	335	2016-11-30	906.7972682	24.66046229	NA	1.27991484
2016	336	2016-12-01	773.8579115	16.1412556	NA	1.06753959
2016	337	2016-12-02	701.2069702	11.17985322	NA	0.95144112
2016	338	2016-12-03	666.8179609	7.835879264	NA	0.88914438
2016	339	2016-12-04	681.4142066	7.10606698	NA	0.88914438
2016	340	2016-12-05	701.2167565	6.803426083	NA	0.89480772
2016	341	2016-12-06	720.4370224	6.496381357	NA	0.90047106
2016	342	2016-12-07	696.651454	5.810338237	NA	0.85233267
2016	343	2016-12-08	664.4056414	5.15380077	NA	0.79853094
2016	344	2016-12-09	649.2124323	4.768906138	NA	0.77304591
2016	345	2016-12-10	642.567544	4.471745561	NA	0.75888756
2016	346	2016-12-11	664.733482	4.373246592	NA	0.77870925
2016	347	2016-12-12	664.5744548	4.127708674	NA	0.77304591
2016	348	2016-12-13	603.6621637	3.538916772	NA	0.69659082
2016	349	2016-12-14	558.1485937	3.221156063	NA	0.64278909
2016	350	2016-12-15	558.1485937	3.221156063	NA	0.64278909
2016	351	2016-12-16	558.1485937	3.221156063	NA	0.64278909
2016	352	2016-12-17	563.0662025	3.249536293	NA	0.64845243
2016	353	2016-12-18	572.90142	3.306296752	NA	0.65977911
2016	354	2016-12-19	585.1954419	3.377247326	NA	0.67393746
2016	355	2016-12-20	599.9482681	3.462388015	NA	0.69092748
2016	356	2016-12-21	614.7010944	3.547528704	NA	0.7079175
2016	357	2016-12-22	629.4539207	3.632669393	NA	0.72490752
2016	358	2016-12-23	649.1243557	3.746190311	NA	0.74756088
2016	359	2016-12-24	654.0419644	3.774570541	NA	0.75322422
2016	360	2016-12-25	675.4494652	4.774728978	NA	0.7928676
2016	361	2016-12-26	1008.124474	25.72276365	NA	1.50361677
2016	362	2016-12-27	820.2302281	22.24153703	NA	1.36203327
2016	363	2016-12-28	680.7340597	11.0389307	NA	1.06470792
2016	364	2016-12-29	689.2774875	7.50290088	NA	0.95427279
2016	365	2016-12-30	684.4871004	5.892273917	NA	0.88914438
2016	366	2016-12-31	676.0611081	5.378934281	NA	0.85516434