Year	doy	Date	TN_load	TP_load	DOC_load	inflow
2012	158	2020-06-06	1.94208647	0.072535115	100.1234837	0.054921167
2012	159	2020-06-07	4.740418556	0.18017633	246.8044465	0.135380708
2012	160	2020-06-08	1.873713507	0.072691025	98.69095404	0.054135375
2012	161	2020-06-09	1.515193555	0.060077825	80.8077672	0.044325833
2012	162	2020-06-10	8.913411593	0.361394281	481.525556	0.264133292
2012	163	2020-06-11	8.778726458	0.361572373	478.6670767	0.262548833
2012	164	2020-06-12	3.522647735	0.144209211	193.6495259	0.105627583
2012	165	2020-06-13	1.803585032	0.071930302	99.66195174	0.053844
2012	166	2020-06-14	1.222583503	0.047504377	67.90097459	0.036350208
2012	167	2020-06-15	1.098339794	0.042924654	61.23789307	0.033120875
2012	168	2020-06-16	0.872471722	0.034979634	48.80678778	0.026990458
2012	169	2020-06-17	0.831103552	0.034232706	46.66018418	0.026414125
2012	170	2020-06-18	0.800183047	0.033771554	45.04096989	0.025890083
2012	171	2020-06-19	1.055034043	0.045212318	59.21874277	0.033151
2012	172	2020-06-20	4.494731257	0.194758446	251.5447386	0.13701825
2012	173	2020-06-21	1.933593488	0.084669819	107.9047104	0.057199833
2012	174	2020-06-22	1.030478342	0.045604034	57.33936242	0.029538167
2012	175	2020-06-23	0.784722799	0.035064753	43.54784949	0.02183125
2012	176	2020-06-24	0.660153401	0.029764958	36.54245115	0.017841333
2012	177	2020-06-25	0.604638808	0.027491469	33.3898157	0.015889333
2012	178	2020-06-26	0.566478693	0.025960594	31.21166118	0.014484792
2012	179	2020-06-27	0.585798959	0.027044202	32.20738792	0.014588833
2012	180	2020-06-28	0.542936244	0.025240452	29.79003648	0.013176917
2012	181	2020-06-29	0.514610256	0.024080674	28.18133432	0.012180417
2012	182	2020-06-30	0.81029412	0.038170842	44.28560024	0.018679375
2012	183	2020-07-01	1.103947774	0.052285968	60.23706111	0.02489425
2012	184	2020-07-02	2.826956474	0.134229561	154.4162989	0.062484708
2012	185	2020-07-03	1.54268389	0.07227425	85.46083936	0.0341815
2012	186	2020-07-04	0.918762864	0.042303389	51.7837512	0.020464292
2012	187	2020-07-05	0.669904825	0.030311333	38.39656677	0.0149985
2012	188	2020-07-06	0.517888216	0.023017419	30.18117658	0.011655125
2012	189	2020-07-07	0.4314509	0.0188233	25.56587362	0.009760833
2012	190	2020-07-08	2.188380164	0.093472257	132.0713607	0.049798
2012	191	2020-07-09	2.476934138	0.10408814	151.5326092	0.0566115
2012	192	2020-07-10	1.212484306	0.049913853	75.42016096	0.027862125
2012	193	2020-07-11	2.057507198	0.082665057	130.2467661	0.047417792
2012	194	2020-07-12	4.789858618	0.180743638	305.3939672	0.101542792
2012	195	2020-07-13	2.894653331	0.103427507	179.1152691	0.057483125
2012	196	2020-07-14	2.805797851	0.097015217	164.6720017	0.054671042
2012	197	2020-07-15	2.814540132	0.094420543	157.1807731	0.053904
2012	198	2020-07-16	1.983307315	0.065032229	105.4593749	0.037500708
2012	199	2020-07-17	1.249496419	0.042184285	64.61685808	0.024030375
2012	200	2020-07-18	0.863038524	0.030246416	43.47462008	0.01696675
2012	201	2020-07-19	0.67147187	0.024433285	32.8855164	0.013500042
2012	202	2020-07-20	0.564883377	0.021343285	26.84306057	0.011619167
2012	203	2020-07-21	0.444966099	0.017460732	20.46853869	0.009368083
2012	204	2020-07-22	0.41807268	0.017075327	18.56843924	0.009020333
2012	205	2020-07-23	0.517370212	0.022524027	23.83061531	0.011351875
2012	206	2020-07-24	0.970895431	0.04564846	48.20827491	0.021584125
2012	207	2020-07-25	0.926248099	0.044639006	46.05260552	0.020320833
2012	208	2020-07-26	0.762200853	0.036654935	36.49040716	0.016264875
2012	209	2020-07-27	0.561285718	0.026971191	25.89805879	0.01166375
2012	210	2020-07-28	0.415857417	0.021700409	19.37736355	0.008845125
2012	211	2020-07-29	0.337831599	0.020164226	16.41705605	0.007612667
2012	212	2020-07-30	0.349170981	0.023795564	17.7551472	0.008365917
2012	213	2020-07-31	0.449606694	0.032737916	NA	0.011110167
2012	214	2020-08-01	0.524812394	0.029884945	NA	0.011466708
2012	215	2020-08-02	0.802518119	0.034450465	NA	0.015519125
2012	216	2020-08-03	0.629371438	0.028321866	NA	0.01265525
2012	217	2020-08-04	0.584749902	0.033048147	32.00128861	0.012896375
2012	218	2020-08-05	0.686692831	0.041516753	38.3851632	0.015405167
2012	219	2020-08-06	0.511260799	0.031027315	29.55259484	0.011403167
2012	220	2020-08-07	0.464309897	0.028288299	27.75698137	0.010293375
2012	221	2020-08-08	0.865595616	0.052928007	53.33756723	0.019081083
2012	222	2020-08-09	0.742037455	0.045539085	47.10732969	0.016263083
2012	223	2020-08-10	0.818440301	0.050404072	53.42351433	0.017837667
2012	224	2020-08-11	0.5876765	0.036477435	39.1502273	0.012761792
2012	225	2020-08-12	0.440557241	0.028243714	28.78502273	0.009643
2012	226	2020-08-13	0.34676832	0.023030576	22.06777223	0.007664125
2012	227	2020-08-14	0.282573265	0.019433653	17.4912313	0.006307
2012	228	2020-08-15	0.244521421	0.017400427	14.70560851	0.005511708
2012	229	2020-08-16	0.212704526	0.015656912	12.40843748	0.004842708
2012	230	2020-08-17	0.186988003	0.014229013	10.56547485	0.00430025
2012	231	2020-08-18	0.170469391	0.013405725	9.312471107	0.0039605
2012	232	2020-08-19	0.163937269	0.013319434	8.640640869	0.003848292
2012	233	2020-08-20	0.161804364	0.013571913	8.214428329	0.003837625
2012	234	2020-08-21	0.174937244	0.015154995	8.526277164	0.004193667
2012	235	2020-08-22	0.358979272	0.032054102	16.77726711	0.008691
2012	236	2020-08-23	0.312213564	0.027578377	14.00299954	0.007368167
2012	237	2020-08-24	0.327822377	0.028018318	14.15864333	0.007401042
2012	238	2020-08-25	0.297405408	0.025251893	12.71754679	0.006643958
2012	239	2020-08-26	0.359156687	0.025366707	18.34229797	0.006773917
2012	240	2020-08-27	14.58201576	0.781811083	891.9309616	0.234394208
2012	241	2020-08-28	14.13050642	0.702991168	862.2004424	0.226483083
2012	242	2020-08-29	4.3345462	0.195019431	258.5066135	0.069355833
2012	243	2020-08-30	2.750025649	0.11113728	160.5485227	0.04398875
2012	244	2020-08-31	3.977534111	0.17576147	259.5052672	0.070887625
2012	245	2020-09-01	7.763066579	0.361442169	528.2227685	0.146480167
2012	246	2020-09-02	3.543223106	0.16320896	236.3796137	0.06789175
2012	247	2020-09-03	2.330692094	0.106166876	152.3026704	0.045358167
2012	248	2020-09-04	1.604660354	0.072245051	102.5844619	0.031728375
2012	249	2020-09-05	1.616823516	0.071903058	100.9811876	0.032491917
2012	250	2020-09-06	1.317537167	0.057870263	80.35384902	0.0269025
2012	251	2020-09-07	1.053035721	0.045639326	62.58127719	0.02186225
2012	252	2020-09-08	0.940719396	0.040209149	54.40147704	0.019861042
2012	253	2020-09-09	0.807587471	0.034021609	45.37214862	0.017342542
2012	254	2020-09-10	0.714565157	0.029816278	39.03752272	0.015607875
2012	255	2020-09-11	0.696298956	0.029652388	37.5567177	0.015433583
2012	256	2020-09-12	0.710589759	0.031019067	37.91148275	0.015980875
2012	257	2020-09-13	0.667287637	0.029852046	35.20431072	0.015226958
2012	258	2020-09-14	0.648142025	0.029679274	33.84950533	0.014988125
2012	259	2020-09-15	1.748973646	0.074096101	98.78426248	0.037251375
2012	260	2020-09-16	1.548354362	0.065607748	88.63401839	0.031317125
2012	261	2020-09-17	1.24638427	0.056225596	68.91967749	0.02477725
2012	262	2020-09-18	1.531393369	0.070581834	83.75215227	0.030643792
2012	263	2020-09-19	1.381741682	0.063716715	75.74745616	0.028213458
2012	264	2020-09-20	1.547358333	0.071392609	85.04220704	0.032271833
2012	265	2020-09-21	1.394942015	0.064395538	76.86111212	0.029707083
2012	266	2020-09-22	1.121464376	0.051801056	61.96068473	0.024410792
2012	267	2020-09-23	0.94318774	0.043592818	52.25811707	0.020992208
2012	268	2020-09-24	0.799597715	0.036979784	44.43308754	0.018206583
2012	269	2020-09-25	0.712977105	0.032881748	39.74028451	0.016526667
2012	270	2020-09-26	0.690983775	0.031214788	38.62234948	0.015845833
2012	271	2020-09-27	8.840433255	0.388470436	495.7162394	0.199220958
2012	272	2020-09-28	7.444346384	0.321798765	418.2061037	0.166043792
2012	273	2020-09-29	2.892042855	0.122065831	162.8968354	0.0635555
2012	274	2020-09-30	3.508249128	0.144574827	198.1137284	0.075969292
2012	275	2020-10-01	2.671786074	0.107769293	151.2172706	0.057103542
2012	276	2020-10-02	2.127285922	0.083861761	120.6823231	0.044839292
2012	277	2020-10-03	2.085280742	0.080384177	118.5640585	0.04336675
2012	278	2020-10-04	2.614134216	0.098461483	148.9689531	0.053620833
2012	279	2020-10-05	2.669404759	0.098416535	152.4012276	0.054000833
2012	280	2020-10-06	19.56694099	0.67707601	1111.010345	0.3499635
2012	281	2020-10-07	12.01520459	0.382557347	684.070116	0.220904958
2012	282	2020-10-08	7.497888372	0.204672209	436.9754723	0.151313958
2012	283	2020-10-09	5.412403617	0.148975991	307.3931281	0.108947208
2012	284	2020-10-10	3.826628439	0.109240551	209.6049472	0.075989458
2012	285	2020-10-11	2.910710214	0.086000706	153.6952315	0.057030292
2012	286	2020-10-12	2.335873523	0.071288587	118.855909	0.045164958
2012	287	2020-10-13	2.005150369	0.063094871	98.27727183	0.038266667
2012	288	2020-10-14	2.382137236	0.077227719	112.2717429	0.044859208
2012	289	2020-10-15	2.933050739	0.097523549	133.0399267	0.054511083
2012	290	2020-10-16	2.630288691	0.084951252	103.705127	0.045541833
2012	291	2020-10-17	2.285872913	0.077292556	99.26946675	0.045928375
2012	292	2020-10-18	5.649249964	0.224727609	287.231275	0.117838125
2012	293	2020-10-19	8.791825534	0.341137199	478.3755176	0.184973208
2012	294	2020-10-20	6.183473508	0.230296965	345.4454473	0.133271792
2012	295	2020-10-21	3.053382975	0.113720036	170.5800544	0.065807625
