date	z_mix_min	z_mix_max	z_mix_median	z_mix_mean
2013-05-16	0.1	0.75	0.435821503399483	0.34956503752127
2013-05-17	0.1	0.629371125705027	0.450133455022106	0.343950262135647
2013-05-18	0.1	0.608147340196621	0.1	0.294875390621827
2013-05-19	0.1	0.1	0.1	0.1
2013-05-20	0.1	0.464815157647364	0.1	0.104892401698181
2013-05-21	0.1	0.491617367336617	0.1	0.148330203052756
2013-05-22	0.1	0.618681579682434	0.513321382467042	0.507934562927914
2013-05-23	0.463064181801229	1.20467365262652	0.626876265306736	0.706887753471452
2013-05-24	0.1	1.1850572159751	0.1	0.560470128010796
2013-05-25	0.1	0.607385027842829	0.1	0.148894992420605
2013-05-26	0.1	0.589750730738778	0.1	0.166175848422526
2013-05-27	0.1	0.576622823337106	0.459687628954931	0.336900637167131
2013-05-28	0.1	0.588929839463729	0.536302262736628	0.432603614257149
2013-05-29	0.1	0.591351604387246	0.1	0.314225443833495
2013-05-30	0.1	0.477706791743946	0.1	0.117613137446249
2013-05-31	0.1	0.797743335140883	0.453180434835337	0.329056612145771
2013-06-01	0.1	0.559571473071439	0.485692680969521	0.410615426866833
2013-06-02	0.1	0.682008534480022	0.56053283074497	0.527741305520571
2013-06-03	0.1	0.957936495523702	0.469718450985973	0.419476381503168
2013-06-04	0.1	0.620578300415137	0.556707087447506	0.462186792318089
2013-06-05	0.570850764363601	0.971755019679186	0.650464711240686	0.678477475021255
2013-06-06	0.1	1.15692670027743	0.759963057619065	0.784727448740314
2013-06-07	0.1	1.13538602333162	0.1	0.457244085100665
2013-06-08	0.1	0.1	0.1	0.1
2013-06-09	0.1	0.557730143958539	0.1	0.170658613376869
2013-06-10	0.1	0.600665123886613	0.1	0.251379009939063
2013-06-11	0.1	0.1	0.1	0.1
2013-06-12	0.1	0.1	0.1	0.1
2013-06-13	0.1	0.475649747712342	0.1	0.139658686998218
2013-06-14	0.1	0.507315420980693	0.1	0.224044307440715
2013-06-15	0.1	0.475303196727847	0.1	0.114609857921634
2013-06-16	0.1	0.505755639291774	0.1	0.276483699033974
2013-06-17	0.1	0.75	0.471058300745042	0.338260722203614
2013-06-18	0.1	0.676051461085141	0.1	0.219031144382814
2013-06-19	0.1	0.45679096584748	0.1	0.123268719197915
2013-06-20	0.1	0.61599437945834	0.1	0.202141462507074
2013-06-21	0.1	0.643599105426395	0.492007948048952	0.382187098267433
2013-06-22	0.1	0.583080840701771	0.1	0.259279316430959
2013-06-23	0.1	0.506154166009035	0.1	0.141363170781575
2013-06-24	0.1	0.49243654277413	0.1	0.132417736356875
2013-06-25	0.1	0.1	0.1	0.1
2013-06-26	0.1	0.1	0.1	0.1
2013-06-27	0.1	0.1	0.1	0.1
2013-06-28	0.1	0.605664242966568	0.1	0.245635027992889
2013-06-29	0.1	0.674376285627186	0.581438034861134	0.459859031673356
2013-06-30	0.1	0.606575122330089	0.1	0.204591603642964
2013-07-01	0.1	0.498331978108291	0.1	0.119996373300877
2013-07-02	0.1	0.691727657598273	0.1	0.193342506226065
2013-07-03	0.1	0.479385498907099	0.1	0.121819668982409
2013-07-04	0.1	0.1	0.1	0.1
2013-07-05	0.1	0.598718795315509	0.1	0.156282438981723
2013-07-06	0.1	0.635592400451155	0.1	0.244059891146446
2013-07-07	0.1	0.626412105584191	0.1	0.229955388708342
2013-07-08	0.1	0.1	0.1	0.1
2013-07-09	0.1	0.538532371281455	0.1	0.144342655069686
2013-07-10	0.1	0.65992829135785	0.528096611124331	0.410514587586159
2013-07-11	0.1	0.62163001647369	0.1	0.205845922210523
2013-07-12	0.1	0.666817753149288	0.1	0.223499714787938
2013-07-13	0.1	0.65126305717237	0.1	0.215637579407161
2013-07-14	0.1	0.517515409397519	0.1	0.156882236674203
2013-07-15	0.1	0.1	0.1	0.1
2013-07-16	0.1	0.1	0.1	0.1
2013-07-17	0.1	0.1	0.1	0.1
2013-07-18	0.1	0.487792447979333	0.1	0.112596861985678
2013-07-19	0.1	0.75	0.430812410136	0.316345837775622
2013-07-20	0.1	0.67440570097435	0.458514911985119	0.360343335894112
2013-07-21	0.1	0.658581448305783	0.1	0.298036892325704
2013-07-22	0.1	0.663858276134711	0.521437022860946	0.406975805557365
2013-07-23	0.1	0.960381978270857	0.667603427696839	0.543452479134473
2013-07-24	0.1	1.16075579517864	0.1	0.512354550161419
2013-07-25	0.1	0.874311789587437	0.1	0.37456062889069
2013-07-26	0.1	1.05884321445704	0.685381467818737	0.591616022836691
2013-07-27	0.1	1.19669785323703	1.15826949087534	1.10703871766229
2013-07-28	1.174737543282	1.28561199750554	1.20262320506155	1.20821223170994
2013-07-29	0.1	1.35291172928022	1.24047063578816	0.945927485734082
2013-07-30	0.1	1.16696712691372	0.1	0.202894764929747
2013-07-31	0.1	0.1	0.1	0.1
2013-08-01	0.1	0.1	0.1	0.1
2013-08-02	0.1	0.1	0.1	0.1
2013-08-03	0.1	0.1	0.1	0.1
2013-08-04	0.1	0.1	0.1	0.1
2013-08-05	0.1	0.1	0.1	0.1
2013-08-06	0.1	0.1	0.1	0.1
2013-08-07	0.1	0.1	0.1	0.1
2013-08-08	0.1	0.1	0.1	0.1
2013-08-09	0.1	0.1	0.1	0.1
2013-08-10	0.1	0.1	0.1	0.1
2013-08-11	0.1	0.1	0.1	0.1
2013-08-12	0.1	0.1	0.1	0.1
2013-08-13	0.1	0.1	0.1	0.1
2013-08-14	0.1	0.1	0.1	0.1
2013-08-15	0.1	0.1	0.1	0.1
2013-08-16	0.1	0.1	0.1	0.1
2013-08-17	0.1	0.1	0.1	0.1
2013-08-18	0.1	0.1	0.1	0.1
2013-08-19	0.1	0.1	0.1	0.1
2013-08-20	0.1	0.1	0.1	0.1
2013-08-21	0.1	0.1	0.1	0.1
2013-08-22	0.1	0.1	0.1	0.1
2013-08-23	0.1	0.1	0.1	0.1
2013-08-24	0.1	0.1	0.1	0.1
2013-08-25	0.1	0.1	0.1	0.1
2013-08-26	0.1	0.1	0.1	0.1
2013-08-27	0.1	0.1	0.1	0.1
2013-08-28	0.1	0.1	0.1	0.1
2013-08-29	0.1	0.1	0.1	0.1
2013-08-30	0.1	0.1	0.1	0.1
2013-08-31	0.1	0.1	0.1	0.1
2013-09-01	0.1	0.1	0.1	0.1
2013-09-02	0.1	0.914607725554342	0.1	0.330138738453048
2013-09-03	0.1	0.926731923603328	0.1	0.34737984971147
2013-09-04	0.1	0.1	0.1	0.1
2013-09-05	0.1	0.810916236472003	0.1	0.104936918308833
2013-09-06	0.1	0.1	0.1	0.1
2013-09-07	0.1	0.1	0.1	0.1
2013-09-08	0.1	0.1	0.1	0.1
2013-09-09	0.1	0.1	0.1	0.1
2013-09-10	0.1	0.1	0.1	0.1
2013-09-11	0.1	0.1	0.1	0.1
2013-09-12	0.1	0.904328408727233	0.1	0.252554059072589
2013-09-13	0.1	0.963695079098707	0.1	0.456903133638652
2013-09-14	0.1	0.972729279088738	0.919095825506769	0.792667805135036
