year	doy	gppCoeff	rCoeff	Q	nll	doInit	converge
2016	107	1.57310740617246e-05	-9.60697999608125e-05	0.0467866285178311	-9.75784227654131	12.4704416424918	0
2016	108	2.72774189299544e-05	-0.000280397368879407	0.06594166362308	19.6615235536642	12.6451312037283	0
2016	109	0.000155886320225126	-0.0269039194629629	3.90279843508814	280.84871127251	15.5905578077924	0
2016	110	3.35721384936835e-10	-4.32682550198446e-07	0.197611456460278	87.5987977670773	15.0249000550181	0
2016	111	3.1858535459884e-05	-0.000467059745735219	0.0157331163317385	-95.6869692608893	13.9879845850884	0
2016	112	0.000153744462095583	-0.020451306877998	2.99950173195688	276.614130190971	15.2796532764885	0
2016	113	5.11936166293066e-05	-0.00754468886240844	0.164006142025542	70.9316061188806	15.8178483601801	0
2016	114	5.57806061773283e-05	-0.0111829480379119	0.0760318185243221	14.8511178496215	14.7401775671578	0
2016	115	9.3236914359086e-05	-0.00841106608517477	0.301067589755039	119.499898835939	13.9093915628077	0
2016	116	0.000102244253532793	-0.0125712443038953	0.345724491901649	98.5877518646092	14.1330340018468	0
2016	117	2.95219254419088e-05	-0.00275222016809213	0.04553069472241	-19.2810333161549	13.6715473300563	0
2016	118	2.63151417406375e-06	-0.00294855919270096	0.0156797995780646	-71.2204311219247	12.0965616306083	0
2016	119	4.95557635998758e-06	-0.00220024538696647	0.00264744930510991	-167.096520324501	11.6523360760726	0
2016	120	2.67077167713426e-05	-0.00334392752196184	0.0461687251282837	-8.75747263188457	11.2451448735699	0
2016	121	1.79270853705507e-08	-0.00117835161514924	0.0217356069577152	-54.6738623535483	10.9581072335887	0
2016	123	0.000111749228791409	-0.0568327486266616	1.28976097222648	113.192278358	12.1716707068455	0
2016	124	4.20546832432211e-05	-0.00953580210800903	1.01257916412726	145.976216899671	11.036493769429	0
2016	126	2.50121253029402e-10	-0.0288523427081955	92.5404651222059	350.299591523963	15.8067204362928	0
2016	127	5.48311240978719e-05	-0.00401371110727612	19.5769286827634	310.876256961044	9.62821789948631	0
2016	128	4.66180987212106e-05	-0.0127572121092991	3.7974434568282	224.148121369006	11.4549175118361	0
2016	129	1.72370477443756e-08	-0.0384429755655769	14.3328303334098	321.310272773547	12.8203218841493	0
2016	130	6.55389870950603e-05	-0.0118420716367432	2.21395885660916	197.091431638498	10.730751208606	0
2016	132	1.69176914217828e-08	-0.0174285278581768	12.5699898890229	283.565935258826	14.8320991146297	0
2016	133	5.38003595781012e-10	-0.0174266962730807	54.8337695452696	339.999668271297	17.6454309036747	0
2016	134	3.36055358278541e-05	-0.00905260543806515	2.94474361094626	212.424782759128	11.0320043210213	0
2016	136	1.1448634133641e-05	-0.0259236949981688	18.290570148695	301.459955552703	13.8981237484222	0
2016	137	9.64833650416369e-06	-0.0216449546839753	13.8023456194536	297.879802195847	13.0466691675855	0
2016	138	8.01874328144756e-06	-0.013401365186459	15.112188501682	296.4204036891	12.2410433975236	0
2016	139	6.53078458036924e-05	-0.0225668780791816	25.7602739009278	328.992839786882	9.6625445337219	0
2016	140	9.18388479780888e-05	-0.0154514647356983	14.8446736532174	298.06786929248	8.37282514378651	0
2016	141	4.99954109265439e-05	-0.00109347863332371	0.210553561762474	96.1421316014553	10.3964424974935	0
2016	142	8.79830648894202e-05	-0.0266683421409028	1.13152728451078	199.236974753433	14.5106225157142	0
2016	143	6.72344789598093e-06	-1.85532863151894e-05	0.0154827096341613	-96.6022131645108	11.7821830964148	0
2016	144	0.00010506696344158	-0.029925261308762	2.23692702559498	247.284744370765	15.0558964625597	0
2016	145	2.58376046074229e-05	-2.42914083894969e-05	0.0356180695186442	-36.044325534472	11.6753345176602	0
2016	146	6.66592928457041e-05	-0.00673398489866537	0.155034779079555	96.5891807900527	11.9876481475793	0
2016	147	5.49625970248304e-09	-1.1635718350119e-05	0.664061338285568	174.001612535008	12.7088950412329	0
2016	148	4.9698016599581e-05	-0.000275503326903518	0.0210318893043184	-70.4223750262667	11.8843044500843	1
2016	149	2.23406910239765e-05	-0.000474682379316989	0.297964740208313	115.536723107268	12.9684657518303	0
2016	150	2.93828776300415e-05	-0.00351744887104101	0.0775995689664723	40.3509236879862	12.0544905294255	0
2016	151	2.06471900062731e-05	-6.70074064602313e-05	0.015780425762926	-94.4466549498643	11.4351785032092	0
2016	152	5.48974143388797e-05	-1.90522182133375e-07	0.0730521423497865	11.1701087860373	12.7718029774967	1
2016	153	2.0911510726257e-05	-2.40359755754016e-05	0.0187918063639479	-84.1046750954509	11.6700208285432	0
2016	154	2.3814059343839e-05	-7.84984593725884e-05	0.0465020021832147	-21.6488088675032	11.9329733914768	0
2016	155	3.20748053878908e-05	-3.00519210766852e-05	0.0251111069467829	-58.5844197406667	12.8784083168684	0
2016	156	2.93311830332608e-05	-4.35682211342444e-05	0.0540301366088628	-10.3575861437526	13.5745429031524	1
2016	157	1.72128146857406e-05	-6.04094960702073e-05	0.0206383495478419	-71.3883861093848	13.1140993205403	0
2016	158	6.73952677913163e-12	-6.5209362757488e-07	0.182476519084071	81.9996949012784	12.367860052015	0
2016	159	3.0555165497012e-05	-0.00393141854633044	0.0635872823318626	-9.11231208686306	11.4445054489271	0
2016	160	1.6072966727208e-05	-0.00207018984199146	0.0992830879530993	39.9962605134418	10.6178654530518	0
2016	161	1.77791081179792e-05	-1.3442504298486e-07	0.00818171497781882	-142.583393901446	11.2326570519804	0
2016	162	1.35242769801455e-05	-0.00066978664119563	0.00700683828157843	-112.185656693058	10.6375577056846	0
2016	163	2.10054831333952e-05	-0.0047130328899352	0.0203859970944779	-32.6837808077653	10.5984702232393	0
2016	164	2.61877819080155e-07	-5.00103167522546e-06	0.00555030795290765	-166.439347532085	10.0762633244292	0
2016	165	6.48736853684026e-06	-0.00120999111281284	0.029624946991149	-36.0989233954933	9.41580182483557	0
2016	166	2.17075519498189e-06	-0.000929286292009255	0.0185725355753687	-58.3247094296343	9.36431739192454	0
2016	167	4.78483535595801e-08	-4.76766696705493e-06	0.0207606868216016	-55.5069304801392	8.87335505236058	0
2016	168	1.46757236661022e-05	-0.00220975099270932	0.0046488453394089	-167.351866339459	8.62637665675089	0
2016	169	9.73911331035255e-06	-0.00278608962820487	0.0592592683015137	-0.479329148227857	8.07104327319192	0
2016	170	2.25612640331506e-05	-0.00595237205936967	0.0516273416551933	21.6275998223636	8.15835678342414	0
2016	171	1.08450534723603e-05	-9.20309057657661e-07	0.0095615354108877	-101.255372970537	8.17226335011918	0
2016	172	2.92606751547163e-07	-0.00011575956726298	0.0137968086184047	-78.8490730943449	8.68803970588381	0
2016	173	0.000123498037208281	-0.0416007270638694	2.6930236773974	178.319377377979	10.5346093543096	0
2016	174	9.56512606838243e-06	-0.000244382285873436	0.0153602115532866	-101.131160125177	8.2745216190131	0
2016	175	1.40901413185168e-05	-0.000583782243482365	0.0100501923919771	-132.582889683485	8.54533113504345	0
2016	176	8.84471104107921e-07	-0.000251654032051532	0.295531840852088	85.2668798696374	8.97223322993088	0
2016	177	1.88710419236774e-05	-0.00442251512908909	0.020793955481401	-37.5938478636676	9.24753084644049	0
2016	178	3.71471181184277e-11	-6.78649631959611e-07	0.0942890639329055	36.5338971456475	8.9753538580251	0
2016	179	7.00516957220327e-06	-0.000381553486768351	0.00405362313209782	-146.176990635798	8.78793264358603	0
2016	180	2.48118030863114e-05	-0.00327285176114646	0.0131052700991862	-70.0763958400971	8.93833309232717	0
2016	181	1.96148915555207e-05	-0.000924707805079413	0.042964058126338	-15.9405559310995	9.14203699616863	0
2016	182	1.67229469549319e-05	-0.00121932345146866	0.0728865722971882	11.9892465731697	9.89898903870466	0
2016	183	1.55633493464139e-05	-0.00227380250609524	0.0127331958721929	-82.0332001644964	9.57584011419189	0
2016	184	5.01454245189566e-05	-0.00931095661047873	0.300507827449322	92.1205341851606	9.77502251942051	0
2016	185	0.000113433569319756	-0.027771594439152	1.88299952643354	179.341949709987	9.77656571672514	0
2016	186	5.134795272022e-05	-0.00120082271173591	0.418603801581852	140.61791736156	9.20221007467129	0
2016	187	1.59894129560281e-05	-0.00149645529926733	0.0846688699160428	14.2696265973246	10.1210917863887	0
2016	188	2.61608577788247e-05	-0.00325446317183847	0.0320923827304198	-32.2299151519728	9.98799738410761	0
2016	189	9.43542370639409e-05	-0.0138299257461741	0.458279143166924	109.991805907904	9.85151471461923	0
2016	190	1.68747468310544e-11	-9.84064908937137e-06	0.00980182615309856	-94.6682223219702	10.3847671266876	0
2016	191	1.07618491809362e-05	-0.000145134970635031	0.0137507892097738	-78.2490273153707	9.2919063469657	0
2016	192	2.55461358613985e-05	-0.00233992199031108	0.057154250549548	-1.78526127066226	9.63629913001944	0
2016	193	2.68828285088045e-05	-0.00479206781472024	0.190465491699836	65.7361666316615	9.66093838320453	0
2016	194	9.45482510703561e-09	-5.7682191601319e-06	0.0819644926357141	17.5925309314998	9.12904994804022	0
2016	195	2.64351144737635e-05	-0.0036797014197341	0.163460415995542	54.161772083447	8.9514130146044	0
2016	196	1.64784679957935e-05	-0.00423481439456412	0.0545458053872327	1.7281094154119	8.77609376082341	0
2016	197	5.4351634380328e-06	-0.000385718153954784	0.0923967050506393	31.03324643552	8.18317922773487	0
2016	198	4.75437288809237e-05	-0.0104929105241072	0.324833820263124	95.351902062842	8.46575365461916	0
2016	199	3.22796255319332e-06	-0.00163291850824036	0.0916335845118462	27.0811415111619	8.20041916204328	0
2016	200	8.61581354850253e-05	-0.0273718863438121	2.28452831077792	177.560544971652	9.5929098434182	0
2016	201	2.81358295571316e-05	-0.00351384985702792	0.549385954149348	123.973873989624	8.39311219407988	0
2016	202	6.62440443478428e-05	-0.00179130994011993	0.149370992290643	51.0085050392668	9.09617789619871	0
2016	203	5.62833850433181e-06	-0.000681450145851068	0.192413368979207	88.2837232045442	9.01399584539069	0
2016	204	1.24146986841967e-05	-0.000459519937346945	0.189120362533036	83.9279393312093	7.81579264730111	0
2016	205	8.38470079719918e-07	-0.00224316583960879	0.0721455304219791	10.6069385846271	8.1927333613945	0
2016	206	1.90081430019394e-07	-0.000292353933946993	0.320686777908249	98.2866987991094	8.10474883247319	0
2016	207	3.84744103996397e-05	-0.00921042138359615	0.343555373567409	102.486833368014	8.58761584267199	0
2016	208	8.65931977677203e-05	-0.0229859439093408	3.54796420297677	186.688982169655	10.0854675771102	0
2016	209	2.88600725183584e-08	-2.90109201329769e-05	0.705878515108721	133.364415746059	9.67393697097442	0
2016	210	5.29210875938585e-05	-0.00673785025523652	0.304759943600836	89.3866601586256	9.03914165109268	0
2016	211	8.86024546617626e-07	-0.000125865078073452	0.142588271582715	62.8550355031152	7.45557555468437	0
2016	212	0.000126851535716055	-0.0283780236137697	1.70726605263603	166.955047372766	9.29385012735547	0
2016	213	3.81319361416127e-05	-0.00897747953541068	1.28037350637454	164.598371531185	8.12468313190587	0
2016	214	9.97166226455258e-09	-0.022046199657523	15.7381000775224	279.559252265	13.7821004557653	0
2016	215	3.58855098761821e-05	-0.00564235892599498	1.50767151346422	176.052901967792	8.50198307301904	0
2016	216	1.0714818468449e-07	-0.0139849039266555	11.6346661780163	276.236972820789	10.63021908056	0
2016	217	9.47870192884669e-05	-0.0227448927900936	2.34031738591206	178.005609041863	9.7700286472273	0
2016	218	0.000110153385342089	-0.0304945009090739	1.81840089653955	164.126933610551	9.29349509959552	0
2016	219	0.000107291086867121	-0.030464920331022	1.63897334635924	162.27034581698	9.12692120814545	0
2016	220	4.6537504241212e-05	-0.0067373910062164	0.408401335036097	104.639957319976	7.73020212648758	0
2016	221	7.14952862236832e-10	-0.000811704589491094	536.335673217625	442.946286622107	0.443428343006604	0
2016	222	2.10291435771548e-05	-0.00849294881672231	0.981241455660577	150.617630842549	8.25698237611816	0
2016	223	3.81074054275206e-05	-0.00252546418668452	1.70953256553225	203.839896773065	6.68206219709894	0
2016	224	2.12017480456292e-05	-0.00212370288037594	0.237968265089442	72.2138092031395	7.31050909050589	0
2016	225	8.50997095837494e-05	-0.00725843841321319	1.4840078462099	169.121917435531	7.0276181393627	0
2016	226	2.43522313341938e-07	-0.0128831578993864	3.07904517943002	238.590976254783	9.38371425409248	0
2016	227	1.69487897661123e-06	-0.00145641022132154	0.420978249395872	107.157115457646	7.47986258332642	0
2016	228	9.10047065112384e-05	-0.0100931211640053	1.53657342947001	174.674361517699	6.77930658920301	0
2016	229	4.41266945206293e-05	-0.0111074354144034	1.75859281776449	158.178562781235	7.86258759503627	0
2016	230	8.18673407069074e-05	-0.0249634289012712	1.68357796611688	152.955050207962	8.96722889375038	0
2016	231	6.95578277178053e-06	-0.0039801761989565	5.95278934975629	249.859808822974	6.46024674457118	0
2016	232	2.79980962842404e-06	-0.000189987216148138	0.172136067802367	75.9727867930153	7.21120844356466	0
2016	233	9.00194664230718e-06	-0.00262199918321972	0.227820977047402	73.699504494282	6.83983290371811	0
2016	234	1.07670759457416e-10	-7.97601110361193e-06	0.121982107808576	52.4868947840635	6.15329048528171	0
2016	235	2.36244928669713e-05	-0.00474847143377149	0.469795407486367	102.401749365922	6.24803056405323	0
2016	236	2.60567698612247e-06	-0.0012399049532067	0.141979975951741	49.0460484994264	6.79918039267789	0
2016	237	1.32220729671008e-05	-0.00340315494483714	0.153109518665827	55.1260101015315	6.94585576936442	0
2016	238	0.000125666616725898	-0.0267881569691736	1.98614388748342	162.592109533316	8.23883503585809	0
2016	239	2.63620075382845e-05	-0.00265159504814274	0.223723395177305	71.4659974509556	6.81053126868246	0
2016	240	2.00991497916735e-05	-0.00301792286071456	0.0649659123224346	9.08384079684204	6.74778919223249	0
2016	241	7.02537767820249e-05	-0.00904676055061786	1.77542950400165	217.128457886929	6.19680933722722	0
2016	242	4.77337468369876e-05	-0.00742237295002843	0.259836788204347	78.9911817801828	7.54067922641409	0
2016	243	5.07333518063005e-06	-0.00792476441683987	5.35699439763608	243.540368274669	6.85587408525236	0
2016	244	2.18354066900699e-05	-0.00951132675544987	0.106363801243668	32.6542027592961	7.76255048183127	0
2016	245	1.59683077635239e-05	-0.0029020864405035	0.580090550056077	121.500446165842	6.54823152371792	0
2016	246	1.69877631257863e-07	-7.91102200555043e-05	0.165824690981185	56.242761104602	6.74645446253727	0
2016	247	3.93300682933421e-05	-0.00713162246135643	0.187989227098774	59.7108478075611	6.82263903975748	0
2016	248	2.17579314492319e-06	-0.00173895705728183	0.135347408934607	45.2207680445355	6.92971907998558	0
2016	249	0.000131998829158439	-0.0312773787709609	1.81876088229374	160.492655663146	8.60814680973773	0
2016	250	2.15586322961222e-06	-0.00100849183478886	0.120423113256983	36.5067905495174	6.70839662385174	0
2016	251	1.78790308948784e-09	-1.84639010634351e-08	0.0804911168957366	17.2001390016334	6.36018965190202	0
2016	252	3.40363680303631e-06	-0.000147621138754342	0.351532306266608	125.470287563377	6.40565653622763	0
2016	253	9.92543945519162e-05	-0.00424371062028877	1.09499306108196	154.91407256366	5.6358502402479	0
2016	254	2.43754865460533e-05	-0.00511037525059275	0.160322910527097	52.8464311003148	6.82201206499601	0
2016	255	1.48166956079937e-05	-0.00339551802867427	0.222914422926663	75.0890829557816	6.88240546042378	0
2016	256	1.24104315422777e-05	-0.00255873419637037	0.200038905443524	67.8364884184924	6.80771965210026	0
2016	257	1.77745753056226e-05	-0.000854843510764045	0.076890226172202	18.0702791212844	6.56160873697454	0
2016	258	1.19225104324585e-05	-0.00129506433108921	0.556449314462747	119.549253992397	7.23338712150278	0
2016	259	0.000101049247339051	-0.0198863621525866	0.892310662953285	136.348937754258	7.70445758831798	0
2016	260	3.5757873718753e-05	-0.00614015654921565	0.223845097625679	71.2271963702658	7.24163365191897	0
2016	261	2.42828992887661e-05	-0.00549921734486268	0.375594535221388	99.8415610164693	7.03183469870383	0
2016	262	2.04806940374683e-05	-0.00401817531432501	0.499667430812868	107.433425797611	7.15718602367149	0
2016	263	1.43821566370285e-09	-7.32617122307147e-05	40.2590124833196	327.335898054773	1.55371646269437	0
2016	264	8.30460157114834e-05	-0.00587083012832211	3.25487021492504	216.168090139458	5.40872771606243	0
2016	265	1.20709909129577e-05	-0.00153225296076795	0.250389601788096	105.463925181624	6.43775757086641	0
2016	266	0.000147883243354709	-0.00953859804642901	0.8956432885707	178.165525586318	7.03012715313256	0
2016	267	0.000285014336788336	-0.0154630992896034	1.22996649816787	185.04212496938	7.97879300175237	0
2016	268	1.08953180936298e-06	-0.000361209750148695	0.266734522090414	114.72797204261	6.46788379724989	0
2016	269	2.00454812064865e-06	-0.00144143135119826	0.376746159204959	97.639734737875	6.61234837161934	0
2016	270	6.64664028753807e-06	-0.00235967939425657	0.117604954574905	37.78828377798	6.38276732028907	0
2016	271	3.00098409812052e-05	-0.0046740563872818	0.0803336105142625	16.8724645768861	6.79444931025233	0
2016	272	4.73743462641257e-06	-0.0018738104849523	0.0946218850368054	25.349509616064	6.73448123019788	0
2016	273	1.88555440644174e-05	-0.00390808027976515	0.263134741115781	85.4426061224523	6.96559906270088	0
2016	274	3.09613342055382e-10	-4.43397861753085e-10	0.135768535130805	61.4111289477762	6.61450107584628	0
2016	275	2.14486536041949e-06	-5.72730998896929e-05	0.157089154803006	73.1212729104173	6.68159137401528	0
2016	276	3.87157219908135e-05	-0.00532708715095833	0.481221235219007	153.504638294594	7.40518085418837	0
2016	277	0.000112614182771765	-0.000165341222803832	7.71675003894603	298.177215753429	1.23036982209218	0
2016	278	3.83206040837108e-06	-0.000672931964187146	0.320607901357213	90.6247280988998	7.10180028568745	0
2016	279	8.28628962585113e-05	-0.0127105419850927	0.474859946160469	109.836013399905	7.76404781441005	0
2016	280	3.33902345149781e-08	-0.0134851906776022	19.8780002502106	384.822837308449	8.09068500428759	0
2016	281	6.94369887220423e-06	-0.00353330939745172	0.171266248885824	77.0219038366305	7.29471250356227	0
2016	282	2.42563272262344e-05	-0.00483727583583314	0.475317896423779	115.821937901409	6.95964804266859	0
2016	283	9.55742570774226e-05	-0.00922985282834222	0.667390397896279	132.741638276745	7.33314617074537	0
2016	284	2.75121120184193e-05	-0.00625783900181243	0.637704778691448	128.614532620775	7.42502513485401	0
2016	285	1.7723874404023e-06	-0.00151490215342694	0.330304126808615	92.9471600757353	6.6700237324107	0
2016	286	2.97197599671914e-09	-0.00339080180809096	0.0229862113240478	-50.373141570502	6.60733435329475	0
2016	287	6.58488067714465e-05	-0.0116997354671685	0.350139674981654	106.536991358657	6.8321636600081	0
2016	288	3.31380759461202e-05	-0.00254032341576932	0.656580176795637	135.866632681009	6.32368874652679	0
2016	289	5.72859381958892e-05	-0.00611775593060754	0.168155941750843	75.9597862524708	6.68075806290295	0
2016	290	4.03775216254789e-06	-0.000282877742352145	2.46626871108259	203.305285099717	6.60888923324578	0
2016	291	1.68143268289475e-06	-0.000522169592497745	0.175274886333626	77.1099245733986	6.59525203321679	0
2016	292	4.99902695116351e-05	-0.0097634234397763	0.40632590447091	110.138400599224	7.56539284474327	0
2016	293	1.98187047382888e-05	-0.00361538301492497	1.55460162330678	255.308007685357	7.48008301386876	0
2016	294	1.92166401283856e-06	-0.00228112195121524	0.182171737927376	61.3381712243825	7.186755555922	0
2016	295	4.88787686243878e-05	-0.00614980452932012	0.334876210895968	101.391190769938	7.29896968628118	0
2016	296	8.33558297126706e-05	-0.0125660857342862	1.15431997347319	163.601462199006	7.35995043522508	0
2016	297	1.95340810859105e-07	-0.00477157571003462	6.53718036394034	230.697571733975	5.70753168889531	0
2016	298	5.84263434831503e-05	-0.00686400909239548	0.545764549434217	123.244210150473	7.40116331428395	0
2016	299	0.000181446677056828	-0.00305505611772646	0.881124838606681	144.936922423375	6.44458647315855	0
2016	300	1.83829487258554e-05	-0.00433745730755994	0.0130046505736077	-107.777026017118	6.69149577191061	0
2016	301	1.35069952893057e-06	-0.00416579818906545	0.134350589498714	55.8544483055703	6.13472927664569	0
2016	302	0.000199646249001085	-0.0185645763209607	1.12103359953228	188.709670339176	7.46823269430921	0
2016	303	0.000176239439585343	-0.0119487056342938	0.944148213371285	147.390543367797	6.29045056062452	0
2016	304	2.19151548990702e-06	-0.000179934226570213	0.73044178796445	135.281597782247	5.34666279398603	0
2016	305	1.01146772427924e-05	-0.00451784303337766	0.176746864036493	59.1417507818003	6.08808526194004	0
2016	306	1.12851206898647e-05	-0.0109633080608737	1.59998796645495	175.650823030233	6.18518593546822	0
2016	307	0.000698336802398517	-0.00392900259381669	1.04543620712597	155.825967090036	3.3427322548579	0
2016	308	6.61680918492275e-05	-0.0126990199388601	3.16629815117264	207.752009479268	4.72341971389789	0
2016	309	0.000196129464901852	-0.00964966009326561	3.11689757751187	212.30097868306	3.25046207052869	0
2016	310	2.17986982957794e-05	-0.0159321402282553	1.61796365845388	178.52462253481	6.13058509262453	0
2016	311	0.000303944628700346	-0.00262455930064576	3.36727329098348	187.753111170025	1.69474690449255	0
2016	312	8.83599546609251e-07	-9.8591063013679e-05	2.55560652221387	186.298292735586	4.2640782660945	0
