year	doy	gppCoeff	rCoeff	Q	nll	doInit	converge
2016	107	1.57310740617246e-05	-9.60697999608125e-05	0.0467866285178311	-9.75784227654131	12.4704416424918	0
2016	108	2.72774189299544e-05	-0.000280397368879407	0.06594166362308	19.6615235536642	12.6451312037283	0
2016	109	0.000155886320225126	-0.0269039194629629	3.90279843508814	280.84871127251	15.5905578077924	0
2016	110	3.35721384936835e-10	-4.32682550198446e-07	0.197611456460278	87.5987977670773	15.0249000550181	0
2016	111	3.1858535459884e-05	-0.000467059745735219	0.0157331163317385	-95.6869692608893	13.9879845850884	0
2016	112	0.000153744462095583	-0.020451306877998	2.99950173195688	276.614130190971	15.2796532764885	0
2016	113	5.11936166293066e-05	-0.00754468886240844	0.164006142025542	70.9316061188806	15.8178483601801	0
2016	114	3.26737802451074e-05	-0.00507927136710335	0.104754693250136	42.8831995853231	14.5417540102907	0
2016	115	9.3236914359086e-05	-0.00841106608517477	0.301067589755039	119.499898835939	13.9093915628077	0
2016	116	0.000193414265849307	-0.0411293909006616	3.23840572841634	254.388016792581	16.5361633208331	0
2016	117	2.95219254419088e-05	-0.00275222016809213	0.04553069472241	-19.2810333161549	13.6715473300563	0
2016	118	1.15669316748025e-06	-0.00200050560549946	0.0416053628116212	-22.5608335611159	12.259686144263	0
2016	119	1.88283515204242e-05	-0.00225114751168805	0.00510014431245733	-179.194329145289	11.6440477159547	0
2016	120	1.35899012986553e-06	-0.000178546900140499	0.0652800377552463	6.12410084424323	11.1798993033312	0
2016	121	1.79270853705507e-08	-0.00117835161514924	0.0217356069577152	-54.6738623535483	10.9581072335887	0
2016	123	0.000111749228791409	-0.0568327486266616	1.28976097222648	113.192278358	12.1716707068455	0
2016	124	2.10060974497105e-05	-0.00838849261879433	3.42065837624349	277.592592073355	12.3077310920434	0
2016	125	3.67049096402695e-06	-0.000845546488304592	1.05407220306714	107.986801046731	10.5323971558894	0
2016	126	5.26374298685067e-09	-0.0188837506077349	26.4003927109707	409.323083169958	16.8895796893116	0
2016	127	3.40711221299411e-05	-4.76490535724525e-05	35.3291255223969	461.638733652743	11.5423235733153	0
2016	128	4.48555206134036e-05	-0.0062881886299423	3.42875131106421	294.818429312843	10.5800031613381	0
2016	129	2.18979255048383e-05	-0.0160326865821242	32.7117030454084	426.148808745487	14.7261304956956	0
2016	130	8.57689914455428e-08	-0.015684016350563	10.1083635097025	363.067813941969	14.4913291802599	0
2016	131	1.13117193093281e-10	-1.35518464663833e-06	0.173414933196012	52.1337213154999	9.1166661030924	0
2016	132	1.76996300714156e-08	-0.0002112594651651	14.6988363025505	362.834688999255	11.9343219807221	0
2016	133	2.06963762449954e-05	-0.00092992782943887	15.4284667808397	400.640519968562	11.0768963590982	0
2016	134	1.24160383444666e-05	-0.010940227041133	23.9888633201564	434.013847595765	14.2638935576507	0
2016	135	8.83481684031861e-08	-0.000119128083250647	16.4230421919617	261.883055945702	11.2846370745062	0
2016	136	1.65482597981076e-06	-0.0135716233695179	43.8864957492339	446.945910476505	15.2680162472646	0
2016	137	1.67505702301765e-05	-0.0177242917162646	57.0638336910267	491.471041916672	15.8575350442732	0
2016	138	1.79522314612838e-05	-0.0149487061217057	48.3719828622028	460.224200699016	14.8224767640501	0
2016	139	5.73196131778986e-08	-0.00028910721908197	53.2984355833246	450.140137653181	10.1397881033884	0
2016	140	4.36932521655514e-05	-0.0107170921097937	43.1685864794682	451.917736528579	10.2407678101887	0
2016	141	4.99954109265439e-05	-0.00109347863332371	0.210553561762474	96.1421316014553	10.3964424974935	0
2016	142	8.79830648894202e-05	-0.0266683421409028	1.13152728451078	199.236974753433	14.5106225157142	0
2016	143	6.72344789598093e-06	-1.85532863151894e-05	0.0154827096341613	-96.6022131645108	11.7821830964148	0
2016	144	0.00010506696344158	-0.029925261308762	2.23692702559498	247.284744370765	15.0558964625597	0
2016	145	2.58376046074229e-05	-2.42914083894969e-05	0.0356180695186442	-36.044325534472	11.6753345176602	0
2016	146	6.66592928457041e-05	-0.00673398489866537	0.155034779079555	96.5891807900527	11.9876481475793	0
2016	147	5.49625970248304e-09	-1.1635718350119e-05	0.664061338285568	174.001612535008	12.7088950412329	0
2016	148	4.9698016599581e-05	-0.000275503326903518	0.0210318893043184	-70.4223750262667	11.8843044500843	1
2016	149	2.23406910239765e-05	-0.000474682379316989	0.297964740208313	115.536723107268	12.9684657518303	0
2016	150	2.93828776300415e-05	-0.00351744887104101	0.0775995689664723	40.3509236879862	12.0544905294255	0
2016	151	2.06471900062731e-05	-6.70074064602313e-05	0.015780425762926	-94.4466549498643	11.4351785032092	0
2016	152	5.48974143388797e-05	-1.90522182133375e-07	0.0730521423497865	11.1701087860373	12.7718029774967	1
2016	153	2.0911510726257e-05	-2.40359755754016e-05	0.0187918063639479	-84.1046750954509	11.6700208285432	0
2016	154	2.3814059343839e-05	-7.84984593725884e-05	0.0465020021832147	-21.6488088675032	11.9329733914768	0
2016	155	3.20748053878908e-05	-3.00519210766852e-05	0.0251111069467829	-58.5844197406667	12.8784083168684	0
2016	156	2.93311830332608e-05	-4.35682211342444e-05	0.0540301366088628	-10.3575861437526	13.5745429031524	1
2016	157	1.72128146857406e-05	-6.04094960702073e-05	0.0206383495478419	-71.3883861093848	13.1140993205403	0
2016	158	6.73952677913163e-12	-6.5209362757488e-07	0.182476519084071	81.9996949012784	12.367860052015	0
2016	159	3.0555165497012e-05	-0.00393141854633044	0.0635872823318626	-9.11231208686306	11.4445054489271	0
2016	160	0.000102062215538336	-0.0324421889475282	2.54370868277653	252.806107755017	13.4219054677556	0
2016	161	1.77791081179792e-05	-1.3442504298486e-07	0.00818171497781882	-142.583393901446	11.2326570519804	0
2016	162	1.4961256563881e-05	-0.00129728447073447	0.0211911936497398	-55.1260877472548	10.7906563808432	0
2016	163	1.43903015143936e-05	-0.00204875295263075	0.022434515016603	-30.8799263098471	10.5027367242332	0
2016	164	2.61877819080155e-07	-5.00103167522546e-06	0.00555030795290765	-166.439347532085	10.0762633244292	0
2016	165	2.73221717573365e-05	-0.00878806759207704	0.140718830946436	117.359811433122	10.2174732233822	0
2016	166	1.21019280722675e-07	-0.000235378358593628	0.0421566691715932	-15.5409507627197	9.44550509044643	0
2016	167	2.99441783801318e-07	-4.88207535182533e-05	0.0582445056480766	-7.22706325664933	8.91159888694381	0
2016	168	1.46757236661022e-05	-0.00220975099270932	0.0046488453394089	-167.351866339459	8.62637665675089	0
2016	169	1.76636824686494e-13	-1.59188990838232e-10	0.198758212883533	95.1537318386204	8.17820311415665	0
2016	170	5.98122409779495e-05	-0.0162560906943422	2.56189437252634	236.445189131048	9.35623792275501	0
2016	171	7.97378976966275e-07	-0.000233017736669849	0.225346447175488	90.1229790463539	8.674051051683	0
2016	172	3.29217289627085e-06	-8.06557192804194e-05	0.00886631145857865	-133.875772424639	8.59690977107656	0
2016	173	4.80482363482483e-06	-0.000727880745638962	0.0215552271429505	-63.8841664901181	8.56099832453816	0
2016	174	9.56512606838243e-06	-0.000244382285873436	0.0153602115532866	-101.131160125177	8.2745216190131	0
2016	175	1.40901413185168e-05	-0.000583782243482365	0.0100501923919771	-132.582889683485	8.54533113504345	0
2016	176	1.61313490564089e-05	-0.00114334958160362	0.102605133483094	45.5723720815888	8.51305793951328	0
2016	177	8.10127701800078e-06	-0.000208420181913888	0.0378312267471588	-27.6074181724862	9.02751242978087	0
2016	178	3.71471181184277e-11	-6.78649631959611e-07	0.0942890639329055	36.5338971456475	8.9753538580251	0
2016	179	6.2369365100925e-06	-0.000147940568417809	0.00881135870979778	-137.271158120612	8.79345054480381	0
2016	180	2.48118030863114e-05	-0.00327285176114646	0.0131052700991862	-70.0763958400971	8.93833309232717	0
2016	181	1.32933684245471e-05	-0.00157364460891917	0.250779646897754	98.8792399786891	9.52879590921701	0
2016	182	1.29621563662267e-05	-0.00097885574572796	0.33098259480386	124.060354236338	10.1881397356531	0
2016	183	1.13910037209146e-07	-2.09365654733894e-05	0.182696019322658	84.593182902592	9.78905635840867	0
2016	184	4.05235448201642e-05	-0.00832735589019997	2.08083209034618	252.252786656644	10.5671539556475	0
2016	185	4.17520893342986e-05	-0.00679382753474228	2.68247137969449	281.626211220236	9.44221637664478	0
2016	186	5.134795272022e-05	-0.00120082271173591	0.418603801581852	140.61791736156	9.20221007467129	0
2016	187	0.000104825632931707	-0.0267253907217377	4.66874230884446	268.948697157556	12.4664701182684	0
2016	188	6.42445650200115e-10	-1.58714954650433e-06	0.245031739638463	106.350651527325	10.2454063401246	0
2016	189	3.88933434273165e-05	-0.000941701170460515	0.399019272374272	136.314896485171	8.91029239122182	0
2016	190	2.48481899383288e-06	-0.000571898136602104	0.0835054692693344	16.2035229194854	10.6665537619921	0
2016	191	9.21347174445204e-06	-0.00048258965958729	0.0510707870935429	-13.4332816921871	9.4938356160765	0
2016	192	1.61819152329861e-05	-0.000336868413674819	0.0705767117334187	12.7584415526598	9.48888544674153	0
2016	193	1.0074023361173e-05	-0.000199096461345312	0.379766697265059	127.158523386175	9.6376784425322	0
2016	194	1.08153410656692e-10	-3.26009735838017e-06	0.13450452855859	59.9299205276173	9.09057556338658	0
2016	195	7.50597469009785e-06	-0.000280675251328464	0.545816269221959	156.834522972032	9.1816760057752	0
2016	196	2.97695558945244e-08	-1.31781759378977e-05	0.126200741490671	58.7915428052172	8.78597371080068	0
2016	197	5.4351634380328e-06	-0.000385718153954784	0.0923967050506393	31.03324643552	8.18317922773487	0
2016	198	9.59518531912033e-06	-0.00137144761105604	0.583419685533272	174.945197942745	8.42487809609639	0
2016	199	8.42674829928013e-06	-0.002066916417099	0.127792035532247	55.4597817086065	8.11874140877954	0
2016	200	9.73464711074989e-06	-0.00219483666392444	1.01613286515673	195.579910042894	8.46309831196626	0
2016	201	5.94693342530457e-05	-0.0158050406816183	2.83681816604134	269.324411674648	10.5703249081296	0
2016	202	3.41117297570015e-05	-0.00139664973001789	0.350612746863444	128.275976491736	9.39026110242732	0
2016	203	5.62833850433181e-06	-0.000681450145851068	0.192413368979207	88.2837232045442	9.01399584539069	0
2016	204	1.24146986841967e-05	-0.000459519937346945	0.189120362533036	83.9279393312093	7.81579264730111	0
2016	205	1.68826298979735e-05	-0.00249172517476848	0.452964893876419	146.506753657062	8.47467318611277	0
2016	206	8.70940023940146e-06	-0.000769151491647961	0.483830180827054	153.682361936419	8.00942287840927	0
2016	207	7.29274598684779e-05	-0.0222538984525886	3.20203477348477	265.294284227642	10.6966628367305	0
2016	208	4.62302996174362e-05	-0.0107261319593577	3.30142211132499	263.821443268949	10.2091660795799	0
2016	209	7.05703617031335e-07	-0.000445931392483915	1.61953547578878	238.755597220387	10.1330105711651	0
2016	210	1.17197777951238e-05	-0.00106090513197268	0.364669361892244	131.196468106202	8.73799556675632	0
2016	211	8.86024546617626e-07	-0.000125865078073452	0.142588271582715	62.8550355031152	7.45557555468437	0
2016	212	1.06465648381397e-06	-0.000368938041597253	0.992427972072576	208.249771273929	7.95159925879328	0
2016	213	8.07469762214529e-06	-0.00793039549756256	5.80602347475502	313.539971871773	9.83244884732788	0
2016	214	4.79285537611258e-09	-0.0204300829738003	28.3263816044977	417.677879294389	12.4965512315957	0
2016	215	2.53694940975857e-05	-0.00404750581118532	2.72037098999256	285.712250175738	9.37857557821021	0
2016	216	6.3592187852883e-06	-0.00350183863201558	10.6975967485739	367.572301140486	9.62312014146125	0
2016	217	6.23670432912532e-05	-0.013744838608699	3.77991731939289	289.381424080784	10.4700236507748	0
2016	218	6.06904892553178e-05	-0.0174797876641034	2.41568648702866	245.293712180704	9.59770264469493	0
2016	219	5.57067223384301e-05	-0.017999840722045	2.75566280389951	257.543429959675	9.55843244920454	0
2016	220	6.59532051421586e-05	-0.0123745034952454	1.65814976793534	233.521507150226	8.63950433917455	0
2016	221	5.17455917268747e-06	-0.00201388391022223	4.47892040612456	330.454727526076	7.34040502243884	0
2016	222	7.73997642787389e-11	-0.0210347926026186	171.727175337532	532.379740277461	22.7900937085827	0
2016	223	3.27799783195448e-05	-0.00373517842084029	13.0205443500818	388.425006341331	7.68947196489964	0
2016	224	1.31370053170265e-07	-6.88143576044882e-05	0.31671180652063	122.728401101861	7.36236143702187	0
2016	225	3.97603077355952e-06	-0.00387510700836557	4.63862107236278	319.548115924405	6.81310503100096	0
2016	226	1.59714537599849e-05	-0.000409335454181717	22.7469851162104	417.902471580053	0.782177074535258	0
2016	227	8.63669447003414e-09	-0.0151933500914014	9.75851447361596	347.660416967559	10.6169563867417	0
2016	228	2.9772982686829e-05	-0.00359526254939572	4.32584115991811	326.974145764881	7.32230829593931	0
2016	229	1.71857508095072e-05	-0.00679669218293765	6.32428471525377	355.892748291446	9.37942573594837	0
2016	230	3.97051784273925e-05	-0.0114646252890296	1.7270989711239	239.632167869404	8.5450370266312	0
2016	231	5.49556523686322e-05	-0.0105675913185096	15.2376328583179	396.295834552527	7.55386310333391	0
2016	232	2.79980962842404e-06	-0.000189987216148138	0.172136067802367	75.9727867930153	7.21120844356466	0
2016	233	0.000114786313240577	-0.0156451053157945	1.22164450322577	192.483141350743	8.15566299165725	0
2016	234	1.07670759457416e-10	-7.97601110361193e-06	0.121982107808576	52.4868947840635	6.15329048528171	0
2016	235	1.62518900454803e-06	-0.0037866563372858	3.4921414263911	270.873891699875	7.68496379145217	0
2016	236	2.33997974384503e-07	-0.000495426829688797	0.275658176193704	111.6115996517	6.8552821772351	0
2016	237	1.32220729671008e-05	-0.00340315494483714	0.153109518665827	55.1260101015315	6.94585576936442	0
2016	238	1.46662919441767e-07	-0.000213080624007005	0.45008488241075	147.94602355612	7.10378050964025	0
2016	239	6.80131017262429e-05	-0.0113651471754296	1.48168107836694	209.62251446089	8.01610724822395	0
2016	240	2.00991497916735e-05	-0.00301792286071456	0.0649659123224346	9.08384079684204	6.74778919223249	0
2016	241	7.02537767820249e-05	-0.00904676055061786	1.77542950400165	217.128457886929	6.19680933722722	0
2016	242	4.7640523699519e-09	-0.0169236292261024	6.35133969563566	352.193358484003	10.6076171472778	0
2016	243	8.31188863975938e-05	-0.0106954537726296	7.18094609047323	335.403711712715	6.46064406724194	0
2016	244	1.956838864853e-05	-0.00699099278917658	0.902844410254289	189.66492307834	7.91820297022475	0
2016	245	4.39108758794766e-05	-0.00979811857026592	1.719403682145	225.319578724876	7.71475115463995	0
2016	246	6.62808386278074e-05	-0.0173307150741771	2.32677731899507	238.550623590619	8.83940251215285	0
2016	247	2.91091698822321e-08	-0.0125760507483283	11.7262189074317	340.804092214634	8.94111518000751	0
2016	248	1.46434526809819e-07	-0.000490824803873994	0.426128397650695	144.808576692174	6.98282273483315	0
2016	249	6.8130872095476e-05	-0.0196117856670455	2.05556788095031	235.543096135285	9.1527201698981	0
2016	250	2.11139036237835e-06	-0.00109775816756789	0.485938841189466	155.068138250627	6.92332771618294	0
2016	251	0.00021169878970334	-0.0136121559760509	0.956010551392204	160.029882391388	7.72079870146069	0
2016	252	3.40363680303631e-06	-0.000147621138754342	0.351532306266608	125.470287563377	6.40565653622763	0
2016	253	4.19823942013136e-06	-0.00450004441709202	2.14665766418797	267.483831275749	6.92987294369791	0
2016	254	2.1242262194931e-06	-0.000818117658737842	0.141362936496367	66.5832144741478	6.53226010078561	0
2016	255	5.9837508586131e-06	-0.00727698640967538	2.67002320525227	272.147101305027	8.94529746835432	0
2016	256	3.41337671151061e-05	-0.0103930291315241	2.24936955455162	255.477324784462	8.30118657310959	0
2016	257	1.77745753056226e-05	-0.000854843510764045	0.076890226172202	18.0702791212844	6.56160873697454	0
2016	258	1.09679427533784e-05	-0.00123087162289121	0.534516352890961	156.263559643256	7.03751126230244	0
2016	259	3.18747660168361e-05	-0.00997180566888491	2.29871008580695	258.214769597113	8.78928523440367	0
2016	260	8.69465959748652e-06	-0.00322924762263222	0.601679939319763	165.2766208286	7.27873170218618	0
2016	261	2.79594256667448e-06	-0.0058695448884138	2.11236215581584	300.258072217993	8.28484798789705	0
2016	262	2.05210573574357e-05	-0.0116575278994551	9.96072851543138	372.258389816766	10.1915872357376	0
2016	263	4.41740907222755e-05	-0.0153126211030811	7.35877346162994	345.856268497792	10.2054778853194	0
2016	264	3.64279260479629e-10	-1.15175572812648e-05	29.3885326574058	441.20865622208	7.51802131074111	0
2016	265	1.20709909129577e-05	-0.00153225296076795	0.250389601788096	105.463925181624	6.43775757086641	0
2016	266	0.000147883243354709	-0.00953859804642901	0.8956432885707	178.165525586318	7.03012715313256	0
2016	267	0.000285014336788336	-0.0154630992896034	1.22996649816787	185.04212496938	7.97879300175237	0
2016	268	1.08953180936298e-06	-0.000361209750148695	0.266734522090414	114.72797204261	6.46788379724989	0
2016	269	1.58884076013992e-05	-0.00573902673102727	2.1407939401239	250.547574001341	7.94910975010841	0
2016	270	6.27718968944793e-05	-0.0174865236277108	1.83851951963188	234.321871753981	8.46095269232622	0
2016	271	4.30316490317196e-06	-0.00192155789876548	0.44377014118403	151.473799511797	6.92433989669183	0
2016	272	4.16404125046789e-06	-0.00124508289939185	0.117249383251755	49.7171834905123	6.65907192869114	0
2016	273	5.6027041581161e-06	-0.00108471773884255	0.567807043812902	180.042898471928	6.87573492248867	0
2016	274	3.09613342055382e-10	-4.43397861753085e-10	0.135768535130805	61.4111289477762	6.61450107584628	0
2016	275	2.14486536041949e-06	-5.72730998896929e-05	0.157089154803006	73.1212729104173	6.68159137401528	0
2016	276	3.87157219908135e-05	-0.00532708715095833	0.481221235219007	153.504638294594	7.40518085418837	0
2016	277	6.11333329952404e-05	-0.00923075431162279	25.3647677757692	434.809941829357	8.84472455004446	0
2016	278	3.28071607441807e-06	-0.0012390205943385	0.215061184273703	102.500011736119	7.16274155345939	0
2016	279	6.79569032490873e-06	-0.0031409433347247	0.59673914599504	172.037090644152	7.25721564109971	0
2016	280	3.33902345149781e-08	-0.0134851906776022	19.8780002502106	384.822837308449	8.09068500428759	0
2016	281	6.94369887220423e-06	-0.00353330939745172	0.171266248885824	77.0219038366305	7.29471250356227	0
2016	282	2.94793723624373e-05	-0.00885998576650134	2.39966153223158	269.22001400749	8.01828458217108	0
2016	283	2.70765579191403e-05	-0.00604291559844758	4.18033200807214	290.985597027924	8.75747792366037	0
2016	284	5.19974911366792e-08	-0.0202038389903572	8.6921671305347	369.45457517463	12.6720896630429	0
2016	285	1.69386836289568e-05	-0.00309593590334727	1.86425771944934	231.911606604782	6.94276547034629	0
2016	286	3.09869347340569e-07	-0.00242597491281233	0.0738984185908117	16.7790101671521	6.44993820628331	0
2016	287	1.8679425457731e-05	-0.00937107169629669	4.9084358592972	317.578179186385	8.36110494099966	0
2016	288	3.79322805755607e-06	-0.00440914540574444	4.73777446320761	316.454405367728	7.83365078812015	0
2016	289	5.72859381958892e-05	-0.00611775593060754	0.168155941750843	75.9597862524708	6.68075806290295	0
2016	290	0.000123737988680112	-0.00411587902446913	5.68551057849923	327.351466915807	5.98535510400898	0
2016	291	1.68143268289475e-06	-0.000522169592497745	0.175274886333626	77.1099245733986	6.59525203321679	0
2016	292	1.04132655373984e-05	-0.00104565966454546	11.2019722154663	405.944248234165	3.22995969634704	0
2016	293	1.98187047382888e-05	-0.00361538301492497	1.55460162330678	255.308007685357	7.48008301386876	0
2016	294	4.33265235730302e-05	-0.00752791794355304	1.02611196619638	207.091688119585	7.97519678632807	0
2016	295	1.07984752825974e-08	-0.00414084602937832	5.24539351647375	299.86184045763	8.53343265940966	0
2016	296	2.54944476183078e-05	-0.00507222583711159	2.89368378254925	289.874647686598	7.37154532977127	0
2016	297	3.0845637977115e-05	-0.00268461493144412	9.11826136348364	364.22645878828	6.91677643285596	0
2016	298	3.51845332806576e-05	-0.00694215860020563	2.86797498324905	297.558742369858	8.07281844112462	0
2016	299	6.17871736648566e-05	-0.00228828376428411	1.56686903564812	240.810949313186	7.05497805575932	0
2016	300	1.83829487258554e-05	-0.00433745730755994	0.0130046505736077	-107.777026017118	6.69149577191061	0
2016	301	1.35069952893057e-06	-0.00416579818906545	0.134350589498714	55.8544483055703	6.13472927664569	0
2016	302	0.000199646249001085	-0.0185645763209607	1.12103359953228	188.709670339176	7.46823269430921	0
2016	303	1.20703576673163e-06	-0.000253396220772023	5.52537926887194	325.750932646262	6.54951970015967	0
2016	304	4.85034554067012e-06	-0.001774464490552	0.770138659738787	194.587680552481	5.63599558834029	0
2016	305	1.93538429887014e-05	-0.0032431446033136	1.25307648360043	231.446209900088	6.06647754153309	0
2016	306	6.61765884370985e-06	-0.00424909147327296	7.27271769665435	348.328880444239	6.58441796708606	0
2016	307	0.000223588133222051	-0.00278199783921092	0.984577139063262	205.2057199272	3.42932035535176	0
2016	308	5.61516773929279e-07	-0.000388274837738814	13.0792810951604	371.391961879331	5.30912244056831	0
2016	309	1.80226394613394e-06	-0.000158873763796185	22.6909436208106	424.078739368662	5.26372693483792	0
2016	310	8.94104486708463e-07	-0.00941717617357118	12.8818698144834	388.371594321019	7.40249971923214	0
2016	311	3.36453748148481e-05	-0.00924067426100482	24.7712066511651	381.471741422596	7.21307419065558	0
2016	312	5.10251590120159e-05	-0.0146430957628637	17.5324119696125	402.329465841017	7.77120919692733	0
