year	doy	gppCoeff	rCoeff	Q	nll	doInit	converge
2013	15	5.27178587429205e-26	-9.4378438003152e-10	0.247136251470596	103.649329156918	8.04356557988381	0
2013	16	3.05367533599521e-11	-8.65637704571123e-12	0.468601635017858	149.757273711857	8.03834421719552	0
2013	17	9.99197876078888e-11	-1.95076087728504e-20	1.59953006437283	238.114909599461	6.83859607538814	0
2013	18	1.22641061899368e-18	-1.10906020324356e-08	0.7895835223723	186.019462494773	7.01032922148358	0
2013	19	5.27208112503989e-11	-1.96144947660583e-09	0.428521346935636	143.351686537022	7.93118970481549	0
2013	20	1.47857198491085e-10	-1.31189737008383e-09	0.19436138544039	86.3930832000075	8.11376462168672	0
2013	21	2.45614628987642e-11	-7.67894747258564e-12	0.342224877472472	127.126379981973	8.24800587810198	0
2013	22	9.15997782197308e-12	-4.52024548228023e-08	0.949853146938721	200.636933435915	8.06846893779785	0
2013	23	3.28582558653464e-25	-3.51614915297726e-09	0.283540932584332	112.770549328118	8.23283815547177	0
2013	24	2.41791007715807e-13	-2.63045798223363e-08	0.175841583548487	79.2031099381295	9.37159412507188	0
2013	25	1.38011465686246e-10	-3.13001683725179e-10	0.927209878005517	198.864372005255	8.59094135415787	0
2013	26	3.64922222145009e-11	-2.08451505020705e-31	1.5939633645353	237.920107166263	8.40060319926351	0
2013	27	1.81567754680888e-14	-2.13578089818848e-07	2.18281865135029	260.501938612145	7.99977269041677	0
2013	28	1.32758162420403e-11	-6.39304828055049e-09	1.60901615509576	236.906596280851	6.63810533435012	0
2013	29	9.07100190895472e-14	-1.16706489015506e-08	0.303866288620042	118.588812023737	7.98886655244943	0
2013	30	2.66312965489633e-10	-3.4374534240961e-09	1.98190969250742	253.571532967285	7.90426321746706	0
2013	31	7.3915646293175e-35	-2.36877147897848e-09	0.0646755001398073	7.1429396385415	8.91100497598699	0
2013	32	5.50759179767125e-09	-1.37071400522284e-22	1.46891410065389	230.466101579433	8.7033727879678	1
2013	33	9.29165031737462e-34	-6.30551678235559e-09	0.380510859775762	134.743299567921	8.08015294519604	0
2013	34	5.9276553785213e-14	-2.33747974683795e-08	0.652554918238159	173.556582695833	7.82034990455299	0
2013	35	4.90699042856037e-17	-1.7812502130394e-08	0.712654736947267	179.946882261458	7.73956540803918	0
2013	36	4.82575610549742e-15	-2.26058052826031e-07	0.965806120367839	200.39913786253	7.93902071573683	0
2013	37	3.82155088798134e-10	-1.08195581883116e-07	1.29170943373895	222.741790107269	7.53126488709516	0
2013	38	4.25438500273706e-17	-4.95168246344311e-09	0.443431956016765	145.817819468684	8.17789848307485	0
2013	39	6.29343743696046e-10	-6.9438791105604e-08	0.427891652556645	143.182217864903	8.13525938973668	0
2013	40	3.19089339083701e-11	-1.73949644744646e-10	0.439455442499936	144.122688343284	7.81686253640853	0
2013	41	6.33186165924323e-11	-1.51518589981655e-07	0.850570819321031	192.706616923148	6.87726344149033	0
2013	42	4.65790285916891e-13	-2.55148345280283e-07	1.28057963027046	222.207748653555	5.84941294890599	0
2013	43	3.176187953784e-19	-2.00712446173474e-08	0.536718697011782	159.47805191196	6.76951750338957	0
2013	44	8.79930276256226e-24	-6.13350115840218e-08	0.146353938990541	65.5209355124316	7.1470270431822	0
2013	45	2.88368651535918e-12	-2.96716298831291e-09	0.320770151911428	122.456085556575	7.07005731884504	0
2013	46	2.90754274133758e-10	-1.39212577300746e-28	0.329447352905312	124.302168248349	6.89815010784095	0
2013	47	1.25670848726417e-09	-3.21668138017217e-08	0.61217679040759	168.915998482574	6.34659476609346	0
2013	48	5.81177525428238e-09	-2.36218867461222e-10	0.804026118183582	187.497870195341	6.09875606800849	0
2013	49	3.39793781792187e-10	-3.03944538360883e-13	1.12347674849566	212.824812454855	5.27810993668077	0
2013	50	2.90741148117923e-10	-1.26249758575934e-14	1.24531331221568	220.041078031137	5.06082565828757	0
2013	51	1.29117410995451e-09	-1.30114804656315e-07	0.768059604952092	185.605533573725	6.19795372690129	0
2013	52	1.00288044775067e-10	-1.07652350476628e-08	0.569341662675535	162.676184095763	6.15309264552303	0
2013	53	2.13905018485371e-31	-9.00323603251908e-07	1.25311941007562	220.695512988045	5.09980075380482	0
2013	54	1.90551886039621e-12	-7.22349358571442e-07	0.604686818216622	167.798459271757	5.43001438678063	0
2013	55	4.10767818971715e-11	-4.66035826928901e-09	0.807083182668436	188.914067304858	6.16056169877055	0
2013	56	1.10247903570594e-11	-1.24918828927431e-07	0.473237510510232	149.44984812479	5.9038059090358	0
2013	57	1.36002545412572e-09	-5.62176862418241e-09	2.32336667087991	265.144944107596	4.83310797459346	0
2013	58	1.205583793526e-14	-1.09640751445349e-07	1.7149148923213	243.121540540249	4.63173051505826	0
2013	59	7.22312132331016e-17	-9.60168077833349e-07	3.87559701320145	301.704762431061	4.00940525002591	0
2013	60	9.57992619543847e-13	-8.12396318276969e-07	7.36465366842809	345.59441805899	2.75608806695644	0
2013	61	3.28558100796577e-10	-4.20574815871583e-14	1.20482185908963	217.608178233814	4.61876965043026	0
2013	62	6.92319546109313e-17	-3.80038190373111e-07	3.26565797941894	289.365374783624	4.36880975830051	0
2013	63	2.11434671461309e-16	-1.33084702721679e-07	1.92411355595366	251.526893119059	4.97693144400345	0
2013	64	3.8320164374336e-10	-2.137746524171e-08	2.03752099207947	253.735544951759	4.77368408863533	0
2013	65	4.09494607701007e-26	-1.82059187760642e-06	5.41789346532035	325.86549870607	2.91791533045756	0
2013	66	8.74523022534254e-11	-2.53344570681212e-06	2.6130202593922	273.533164825106	3.98222690019567	0
2013	67	1.41294456008256e-09	-8.03025973393389e-07	1.0462268732194	207.31887733588	4.99407357950859	0
2013	68	1.20262404145611e-30	-2.03551963830075e-06	1.38240737685858	226.544259738842	4.4781696659863	0
2013	69	1.45374197002917e-10	-6.1653756368675e-26	0.203704014352917	89.5648330265449	5.33430604094755	0
2013	70	4.21903516629799e-23	-5.4467675177349e-07	0.355863778587341	130.114988357626	6.47609264208641	0
2013	71	1.89827233088188e-15	-3.13575384333968e-06	0.675219278342729	176.473673278923	6.1507170902132	0
2013	72	3.1727291430659e-12	-1.40821414492808e-06	1.67549871895769	239.46033354341	5.3601201105012	0
2013	73	1.64458649839554e-07	-0.00052956945592663	0.485569592945873	154.725333098293	5.32758808202272	0
2013	74	1.59196569083792e-09	-1.53567837252708e-09	5.0589232992221	320.890413927462	3.60494340691519	0
2013	75	1.00144868240418e-09	-2.52258101832976e-05	1.14167483120483	214.553120352861	3.62321875366307	0
2013	76	3.47087038445029e-13	-2.8895434256498e-06	0.9683364041144	200.890067957115	6.00149118060843	0
2013	77	2.69256950244685e-09	-9.55301973023866e-12	2.74190405663225	277.096388428761	4.20042079676918	0
2013	78	4.31007222599345e-13	-1.04306653666645e-06	0.590927719408219	166.254763059892	4.25037097875068	0
2013	79	4.49265682713019e-11	-1.09268865335881e-06	2.4159806377104	267.682647599313	4.66159111633978	0
2013	80	5.25470203806173e-10	-1.30596720259436e-08	4.21343077930116	306.137267590049	3.47954500094023	0
2013	81	3.4724570042355e-08	-3.14504286978424e-05	3.27893880948409	288.648138634283	2.5553587282499	0
2013	82	2.99234488742735e-09	-4.02400205178991e-09	1.1960336216211	217.424640799043	4.72856647258468	0
2013	83	4.76641911309922e-13	-3.96748503741382e-06	2.78618943138325	278.074036087689	3.44233237306352	0
2013	84	4.42383740565616e-09	-2.18766343763263e-08	1.23713080483019	217.839184056322	3.62698102828367	0
2013	85	7.441760190366e-09	-3.31238454282638e-09	0.649615350626359	173.660436096178	4.40976203525846	0
2013	86	7.57380537054348e-09	-1.38143064747569e-09	1.4270193490726	230.045791680359	4.34052532596217	0
2013	87	3.85021852436673e-13	-3.6044786380532e-06	1.02309414517479	207.058253127621	3.71454407883164	0
2013	88	1.46553160632354e-09	-8.91746532905013e-10	1.15185629295499	214.004371677569	3.84827876899181	0
2013	89	4.85964912466928e-09	-1.52603252441755e-06	0.907816162239167	197.239302774863	3.6402293909686	0
2013	90	1.74828729085888e-12	-1.12475866537643e-05	1.55420249349649	236.425400101483	3.16747791660849	0
2013	91	9.14311205096346e-10	-2.03651690823846e-05	5.1394211019148	319.347417970201	2.37526327628107	0
2013	92	8.80748363751622e-09	-2.14929374560574e-08	1.99733754838165	254.716813731621	2.22412804789494	0
2013	93	7.10137760803058e-09	-1.34526511808176e-06	1.16336558861968	215.366629148564	3.34125395564531	0
2013	94	4.83504585084632e-10	-3.47987520394711e-10	1.07474630158223	209.637450443162	3.07879897134629	0
2013	95	7.58386828307672e-10	-5.10952509857844e-10	4.90402266219016	316.685574229235	1.88268456548451	0
2013	96	3.26955887313894e-08	-4.54830252642611e-08	2.01082045957697	254.11692440759	3.0682194536427	0
2013	97	1.60095901054151e-10	-1.17080501940612e-05	3.93151857139051	301.699144502143	2.63975645712186	0
2013	98	1.70794874037027e-09	-5.47954064083388e-07	2.05684882942579	256.401903484873	2.03816623722326	0
2013	99	2.08001719984444e-09	-8.35209987410445e-25	1.28560386194719	221.521936592573	3.63710272823427	0
2013	100	2.52728670747043e-14	-3.92175908721108e-05	1.2133329790803	217.231959505673	3.306543467617	0
2013	101	6.68193369691302e-09	-5.04317616790128e-07	0.974219818784618	202.610678515375	3.14378014189858	0
2013	102	3.42879697606136e-10	-9.87916308092946e-05	1.56994278973948	237.005878988136	3.23101278455428	0
2013	103	3.44887891721478e-05	-0.35007923893768	0.0766440761717804	-5.47136839700212	2.44866181834432	0
2013	104	1.17173227015686e-07	-0.117941011684289	0.106433197770419	43.3755365461138	3.27671339424294	0
2013	105	1.90200410989839e-08	-0.358435954295411	0.25164435953553	105.581660469713	3.99749996415148	0
2013	106	1.31138402219257e-07	-0.16497992983504	0.433218287292646	141.553838585157	4.25975483496298	0
2013	107	4.67943731824453e-13	-0.130738237058722	0.0828468705816593	25.074718718924	5.72499895009958	0
2013	108	1.35106077250345e-06	-0.0918325446757268	0.139189108167263	66.3578333351704	6.29532529483387	0
2013	109	1.78237416761794e-07	-0.0963638403252612	0.0575350675729548	-0.0302050033621484	7.57820011831493	0
2013	110	3.32337376966204e-07	-0.0351210845736657	0.0220241941461912	-70.6918561619459	8.59309556078037	1
2013	111	4.52500945128955e-06	-0.0198493485268648	0.00335686586739705	-204.633986610709	8.85362118946262	0
2013	112	5.49296972905086e-09	-0.0234656245252874	0.0166939607134473	-90.3151633256266	8.95077865459389	1
2013	113	1.98173000176734e-05	-0.0411238957957066	0.0066175165303781	-156.917379187861	8.76990357225232	0
2013	114	3.94796501579194e-10	-0.0350191582091392	0.0224465731332127	-68.9970235890328	8.34966340101785	1
2013	115	8.93575421916744e-10	-0.0365962097474744	0.0372059773884694	-33.0971733492833	8.36020247956122	0
2013	116	0.000143634744019058	-0.073048532806988	0.0347719757601733	-37.3393013941113	7.78332780868023	0
2013	117	1.45946064586866e-08	-0.0501249092098661	0.0765902450940029	18.9441778891236	7.23033004898622	0
2013	118	1.42063200796163e-09	-0.0291629262279859	0.0123483555769384	-111.745626927917	7.54395554631927	0
2013	119	3.30687030288804e-07	-0.044069460118923	0.0275891466862848	-53.3522615384374	7.81776215640229	0
2013	120	2.83480090650873e-10	-0.0334558346646181	0.0350630878640244	-36.5818963771813	7.44906512565747	1
2013	121	2.97356622913022e-10	-0.00628780669658945	0.0124732511257824	-111.202845231224	9.75144320986472	0
2013	122	1.33557115209672e-07	-0.00872229802682925	0.00532699011072953	-168.629137886403	10.462842424308	0
2013	123	5.40032646905822e-07	-0.00265387054511374	0.015226389713338	-96.3870609361979	10.6554757728389	1
2013	124	2.80604359274619e-07	-0.00063786695396998	0.0116700521960214	-115.697671541762	10.8193488691781	0
2013	125	4.92355009208903e-07	-0.00512652247831428	0.00166787644836297	-256.231614821155	11.3344235763172	0
2013	126	1.07819583174143e-05	-0.00556718367848329	0.019784047472068	-82.9034098813284	10.702522712879	1
2013	127	1.85484070204584e-05	-0.00343137329615204	0.017673551514043	-85.5766758101764	10.5333301166723	0
2013	128	2.81963054552369e-05	-0.0103403727996519	0.0339029027523425	-39.370613519251	11.3903808812413	0
2013	129	1.79061856516781e-05	-0.00256393742082064	0.00608311420534529	-163.120630771829	10.5407422400629	0
2013	130	2.60443884064595e-05	-0.00309833107476156	0.00883283499889669	-136.387846022732	10.7272946202101	0
2013	131	3.37811775263284e-05	-9.00430214955179e-07	0.0612096721008605	3.14451598076817	10.8078066285222	0
2013	132	7.10807303682647e-05	-0.00603118929489188	0.0159326301602998	-115.810514238062	11.3426380122452	1
2013	133	1.01637974254346e-05	-0.000412154353835424	0.0394439088051948	-27.8844411158105	10.463201329551	0
2013	134	1.26861037511694e-05	-1.24807654605231e-06	0.0629317997023157	5.50752539092552	10.0827624056442	0
2013	135	1.34453359107807e-05	-0.00149893481628743	0.0468080005857775	-16.6286622730902	10.6628856660838	0
2013	136	2.50487704114425e-06	-0.00172461178182022	0.104189470871123	41.2210971369873	10.960595756149	0
2013	137	2.80923274025668e-05	-0.00537705547192305	0.0950052969017778	35.016153500752	10.2689758865491	0
2013	138	4.90343560545619e-05	-0.00601380606485927	0.0145818999284578	-99.5195054557663	10.2009423810849	0
2013	139	5.88549462543686e-05	-0.0126085162521765	0.153837447494131	69.1439581984429	9.9978406875506	0
2013	140	1.73661916335473e-05	-3.51882194145484e-06	0.439070207749434	144.50847111802	9.40139796145936	0
2013	141	3.8911135197122e-12	-0.00172506670025529	0.0749391834722153	17.8268569422127	9.90003802033689	0
2013	142	3.66213799504539e-05	-0.00272575263025195	0.0043975429322746	-186.547410965236	9.20575149072467	1
2013	143	7.43773408539607e-06	-8.62263644000183e-05	0.10847389926831	43.3356758721017	8.96520526289464	0
2013	144	1.42980977462082e-05	-0.00182995648161714	0.119372997771624	51.6914271843529	9.17006868036963	0
2013	145	1.98228798245091e-05	-0.00363530870348362	0.135450391124721	60.37698501657	7.71434569899183	0
2013	146	5.97294867403794e-05	-0.00669597573244324	0.0600107445040795	1.80884191430173	8.14857084031584	0
2013	147	1.2554547886234e-05	-3.34739674048839e-06	0.092099411780475	33.8010991566465	7.71852763705121	0
2013	148	1.14736198225332e-05	-0.00150887550293324	0.0462021207643935	-16.5928018757634	9.05478807241211	0
2013	149	3.41809563807888e-05	-0.00345749030387719	0.115930004345056	37.0733407762075	8.93273068136934	1
2013	150	6.27133039579213e-05	-0.0101250415583412	0.16455081629574	74.6121797414289	8.82696018664832	0
2013	151	4.68558407755881e-09	-0.00186938999737681	0.354129609162303	129.698383843635	9.09476977115041	0
2013	152	9.45083123591233e-06	-2.69212586677011e-06	0.278691336317837	112.836610895738	9.43203783702911	0
2013	153	2.28954958125824e-08	-3.74712849506297e-06	0.162417325939009	73.0322521244362	10.3070266159977	0
2013	154	2.68502046350809e-05	-0.00475572940320837	0.413273508655458	140.114573734844	8.95805426308467	0
2013	155	3.02866271331717e-11	-3.0528660761899e-08	0.94691515175924	200.252706985626	10.5546579934502	0
2013	156	2.24822214980269e-05	-2.39988072979946e-05	0.136182365148086	60.3450134587703	10.8623908627077	1
2013	157	1.75176405148785e-05	-0.000116498217011843	0.182904864167734	81.7374527881726	11.3307897948896	0
2013	158	2.26615175449669e-05	-0.00506576714421132	0.276364901906121	111.655008414634	10.603582174992	0
2013	159	1.98095646261496e-05	-1.21339047386684e-06	0.0947199108072853	34.4359137925794	9.19806600770021	0
2013	160	3.45589580097851e-05	-0.00596740503128651	0.0244221103296465	-62.8133735461382	9.55644406701312	0
2013	161	4.55993015216113e-05	-0.00426794760230441	0.0164066957987683	-91.7191855598123	8.67487972450268	0
2013	162	2.65049874151005e-05	-0.00482804369811309	0.00469454701626491	-181.538248784702	8.58772114717943	0
2013	163	4.55903680819008e-05	-0.00365405300426117	0.0328450366248676	-41.6301549453887	7.9809837607882	0
2013	164	4.69393040510308e-05	-0.00583412288363538	0.0755730409788622	18.0013570188038	9.22593194975109	0
2013	165	3.01354510222786e-05	-0.00450649133764667	0.00872342320507379	-137.005649623108	9.46294444020155	0
2013	166	2.07258490813523e-05	-0.00465767094657444	0.0055145572655326	-170.298002802681	8.38711776847397	0
2013	167	4.06082785227808e-05	-0.00488113641180465	0.0563858666341485	-1.9731193764158	8.91601912281887	0
2013	168	6.14887475786526e-08	-0.00109892908692167	0.0301869037482775	-47.1431439377142	8.93892439735413	0
2013	170	5.42894866165841e-05	-0.0127898160888199	0.133692115345117	59.7458695351988	10.0568546801845	0
2013	171	3.61111630183207e-05	-0.000245555694032011	0.0274322936919037	-50.1743481870333	8.91112041687128	1
2013	172	1.873161445182e-05	-0.00571067331934026	0.436823945737572	144.589522064955	10.7875860055187	0
2013	173	3.86307092059158e-05	-0.000330815120102298	0.0110695313847552	-119.804408730109	9.57212122366471	0
2013	174	4.81355425788005e-05	-0.0066651442535444	0.222183254196088	94.5016941688042	10.3692542857483	0
2013	175	5.65436817950303e-05	-1.43653006407136e-06	0.0510750277596315	-10.0440558590252	9.53667908945827	0
2013	176	3.02401031889775e-05	-2.17679418359146e-06	0.0387922911867952	-29.3970439725229	10.3207793370186	0
2013	177	2.93405077959432e-05	-0.00521102866780129	0.315596601112463	121.454479411909	9.75777897394278	0
2013	178	6.36004329383346e-05	-0.00370587255118841	0.0116447767879624	-116.366014622881	9.6806617048801	0
2013	179	4.86047857455479e-05	-0.00993854283477013	0.0289154711777591	-50.9232917006295	9.18798994201177	0
2013	180	1.46895725319593e-05	-0.00500285341405097	0.0125062402300039	-111.228469837184	7.96322536318674	0
2013	181	8.28805717592948e-05	-0.0136149032120962	0.0578784834746711	-0.978108029146019	8.0751894716529	0
2013	182	2.57327940601046e-05	-0.00353384337750322	0.00731798798922975	-149.827371671281	8.15636246776926	0
2013	183	2.48138933028533e-05	-0.00211812275918808	0.0104251439474002	-124.617214674853	8.42250162208319	0
2013	184	4.02657594050918e-05	-0.00287843037057811	0.00738217487660686	-149.414440137193	8.81269586656507	0
2013	185	1.80582585311697e-05	-4.64252041770313e-05	0.017137781077137	-89.1801345631823	9.82536746981263	0
2013	186	2.93814518255872e-05	-0.00251951723663315	0.0125886128332751	-110.855411608698	10.1593337940709	0
2013	187	2.74551018355232e-05	-0.00438494154485658	0.0029421458805905	-215.51369626359	9.40676664348297	0
2013	188	2.97368556052225e-05	-0.00522922119568746	0.008656232667523	-138.484935002557	8.48134580066051	0
2013	189	4.88439141731887e-05	-0.00870517470722916	0.0225265190184046	-68.6513007395726	8.49474106937378	0
2013	190	1.41992575714712e-05	-0.00040508703922123	0.0397232705630112	-35.2832619826609	7.83937713549237	0
2013	191	3.55896249986671e-05	-0.00593109615956329	0.0285638639010895	-51.7466195686056	8.44740117607928	0
2013	192	2.16159827078606e-05	-0.00592059182112299	0.0758581240063413	18.2216351343881	8.75767289580199	0
2013	193	3.61722504694053e-05	-0.00913300575701238	0.0490018573268856	-12.5423521929854	7.92871015420454	0
2013	194	1.15775304795894e-05	-0.00287091948960973	0.0466482199456258	-16.4422718309467	7.83723594098881	0
2013	195	3.79584931318863e-05	-0.00605452657880752	0.0442909182288101	-20.7735362449569	7.97245565644355	0
2013	196	3.78089108521062e-05	-0.00667306624958862	0.00337440756772587	-206.842572115949	8.27767367065598	0
2013	197	1.94325935300345e-05	-0.00658102479527282	0.00723290906700768	-150.70348256135	7.87618448923311	0
2013	198	2.42504825436672e-05	-0.00668744885539982	0.0115456635401754	-117.068498595463	7.74919203666359	0
2013	199	5.18308512298865e-05	-0.00698075246191681	0.00692497197873564	-153.401542155267	8.0852269894163	0
2013	200	2.46207218761363e-05	-0.00627479070587059	0.00625707586480709	-160.923037159208	8.30102268847564	0
2013	201	1.16339507130572e-05	-0.00639886088988406	0.00295875683630076	-215.802219315419	7.95143252082504	0
2013	202	5.30283793699803e-05	-0.00714838913046582	0.00745994071268387	-149.531903597002	8.07859721112882	0
2013	203	1.85485841632592e-05	-0.00948968505827769	0.00204048622589327	-241.634588949088	8.46514379917123	0
2013	204	4.19536496584833e-05	-0.00744283358630863	0.0099980503192924	-126.896774834039	7.89502125661231	0
2013	205	4.84709923849915e-05	-0.00536891542651274	0.00310514811066501	-211.349363023904	8.31698342542405	1
2013	206	0.000107202883221142	-0.00800753152486395	0.00785153459015481	-128.635084649622	8.34771423652302	0
2013	207	3.41282486444902e-05	-0.00244805003292615	0.00900795862690738	-136.201660275424	8.54708823843567	0
2013	208	3.58989648639399e-05	-0.00198228928908667	0.0238928953053839	-64.6516486675489	9.21051541160288	0
2013	209	2.90746870835518e-05	-0.0033455444710957	0.0416920888419047	-24.0010751156137	9.79437046720738	0
2013	210	3.01374004658424e-05	-0.00474547109246086	0.141323118978675	63.2664145593772	10.4482012974331	0
2013	211	1.12667085181092e-08	-0.00421635366651725	0.156734244921513	70.8303500639886	9.6347496413168	0
2013	212	8.5989596323649e-05	-0.00605512054279467	0.00737355735292964	-150.295139176056	7.75390616830104	0
2013	213	1.90068369817956e-05	-0.00506517242761428	0.00288220368932186	-216.55881111245	7.64832867552757	0
2013	214	1.7835033605246e-05	-0.00450415705110507	0.00189998095929183	-246.975943922406	7.89969323702023	0
2013	215	5.39660994844266e-05	-0.010573629069246	0.120675617549655	52.2809642522731	8.34198069048858	0
2013	216	2.84616936799611e-05	-0.00137287713533589	0.0915449690936989	32.3647235577076	9.33491979008598	0
2013	217	3.17840144989349e-05	-0.00146448663437181	0.0163864191196553	-92.4989735230739	10.0277908608855	0
2013	218	3.35502450814756e-05	-0.00772417261454512	0.0577705159983328	-0.761333027114212	9.72383271334787	0
2013	219	3.39635264367548e-05	-0.00349358547490536	0.0467113375160569	-16.3740812534527	8.78199795336949	0
2013	220	2.70177096653618e-05	-0.00487283514656563	0.0185080409972658	-83.0027954009487	8.55652476659247	0
2013	221	3.16293770864888e-05	-0.00699962996389068	0.00417133685768201	-191.679675902345	7.94250833275195	0
2013	222	5.21859388628835e-05	-0.0057162745340951	0.0218381574097112	-71.1165728678328	7.28286640248178	0
2013	223	6.39077770751253e-05	-0.0071785449661987	0.0104802144107763	-123.54153289956	7.33938087359852	0
2013	224	2.66085854450373e-08	-0.00204586052789884	0.0168837237644298	-89.5954859015656	7.45854174745603	0
2013	225	2.65321150045774e-05	-0.00347510857506838	0.00704349150174355	-153.61204923847	7.83379815466478	0
2013	226	1.99071771855096e-05	-0.00727861108960066	0.003082267928672	-212.320450309048	8.12501378166425	0
2013	227	2.41756041452178e-05	-0.0061352961782898	0.00334764634881873	-206.217916991323	8.12405416454417	0
2013	228	2.91810435368322e-05	-0.00329344971479721	0.0056091723140124	-168.596027091238	8.18928836228834	0
2013	229	9.17899880875853e-06	-1.0751192410464e-05	0.0252788278600984	-61.5906269746022	8.75209606640024	0
2013	230	2.93022113326993e-05	-0.00544405675332993	0.00410263177701142	-192.972117227783	8.95991311099247	1
2013	231	4.64318218213888e-05	-0.0040287751680181	0.00675582588798196	-155.55324928369	8.78448597237876	0
2013	232	0.000140944304710124	-0.0100247101841865	0.0355133778409887	-35.9353609383138	9.2396465365295	0
2013	233	5.59509089950939e-05	-0.0076165166616434	0.034334646449392	-38.1051170490757	8.12510735805042	0
2013	234	9.05756424072362e-05	-0.00863438791301507	0.0259649012798786	-58.7233098221239	8.60655625093587	0
2013	235	2.08672041796419e-05	-0.00530122141815305	0.00703120610921505	-152.34724695368	8.15283121205625	0
2013	236	4.26634512586242e-05	-0.006917780204601	0.0535054650728067	-6.78581479124921	8.43025107114574	0
2013	237	1.87986859341895e-05	-0.00263055322221499	0.0141493827699956	-101.405808138796	8.33404670000502	1
2013	238	4.974101454955e-05	-0.00866271162140192	0.0668511761607005	9.29032812929456	9.23683529374655	0
2013	239	2.92900184323539e-05	-0.00298979797613799	0.0538713258498241	-6.79779158611597	8.83191633824447	0
2013	240	6.20967782102006e-05	-0.00903726985326853	0.0126622833278002	-110.881451794405	9.20015789150001	0
2013	241	4.64899440588129e-05	-0.00513613784534256	0.0419394231563927	-23.6706856536502	8.36317515183792	0
2013	242	3.04249361969336e-05	-0.00220677783266202	0.0508010789767633	-10.1171689185363	8.49426203621893	0
2013	243	5.85010179717387e-05	-0.00875887279438114	0.0746447662052036	17.6334029169957	9.0481814229045	0
2013	244	3.80204909987818e-05	-0.00544480609321998	0.0296159379956017	-48.8184157284198	8.08148298452595	0
2013	245	8.58398503966343e-05	-0.00332544923474035	0.0991577568754995	37.8154947745468	7.68291660109802	0
2013	246	2.72619906143874e-05	-0.00352551441965009	0.0117261397918691	-116.60356191773	8.57054930890861	0
2013	247	5.61545059503435e-05	-0.00635649132009215	0.0516131229272343	-9.67441875369618	9.22242881238914	0
2013	248	4.23433199499802e-05	-0.00405060417333103	0.109822155934262	45.0803555541258	10.1929229782089	0
2013	249	3.69564672480892e-05	-0.00332377634189518	0.0587288216757059	-0.0618283393654961	10.5168333137965	0
2013	250	3.6391649758382e-05	-0.00594085368304882	0.0448021942221969	-19.49235167643	10.3756027426191	0
2013	251	2.82270521194433e-05	-0.00482496245365626	0.103900685870942	41.4511541667887	10.1519345336338	0
2013	252	7.44239773414401e-05	-0.014324632683122	0.231816709824409	99.0558344860918	10.5434961341872	0
2013	253	0.000166337144487291	-0.0103837769754738	0.18519644084061	82.9462355348125	8.55266335005245	0
2013	254	9.37346645495768e-05	-0.0138431407089511	0.244031990872932	104.174551895875	9.40364643948524	0
2013	255	7.99510599173076e-05	-0.00885542017008611	0.184229944833257	81.9441731205824	8.81474391766741	0
2013	256	5.44997309359532e-09	-0.000520307769956697	0.0622415190560696	4.22571296106511	9.48336925280745	0
2013	257	1.92208621796964e-05	-0.0048538152519083	0.0175193902150967	-87.0710356270498	9.02183925340888	0
2013	258	0.000116555716082241	-0.00952393985544961	0.0464228166432548	-16.9888094184265	8.4204008599625	0
2013	259	2.93864605422816e-05	-0.00175243796809018	0.0220256517054651	-70.3720918567504	8.27552334435491	0
2013	260	4.15169955289516e-05	-0.00444947335151278	0.0300664733416213	-47.7724540596519	9.24531470150202	0
2013	261	4.6675721715851e-05	-0.00357190769727149	0.0126787607410573	-110.335977836714	9.29923436150472	0
2013	262	3.82798097422166e-05	-0.00461682521862578	0.0202799811287896	-76.6669986171173	9.48319707846676	0
2013	263	9.13317491026079e-05	-0.00612824287876426	0.0601918395683302	2.03154174517406	9.37304420814843	0
2013	264	8.7170632405658e-05	-0.00728352722163069	0.182842239078018	81.970027185726	9.34064328062648	0
2013	265	6.74806477921021e-05	-0.0032863320022577	0.00674972928424725	-155.618798433558	9.07902695747174	0
2013	266	4.73330465098971e-05	-0.00508591675809524	0.00458218018455104	-184.661979783801	9.66840068227939	0
2013	267	4.71890983955422e-05	-0.00352409990388578	0.00381960740542836	-196.483283377597	9.70923970445066	0
2013	268	3.17887926947768e-10	-7.82746350451528e-08	0.0410918196377093	-25.4986488527612	10.630517702882	0
2013	269	2.43943316268797e-05	-0.001641384711148	0.00591830064786226	-164.89899694934	11.1035789107572	0
2013	270	4.05108247705506e-05	-0.00280551418160239	0.00303158422442067	-214.653188790851	11.4916323689255	0
2013	271	2.11101561367657e-05	-4.97006174506698e-06	0.00795691818739604	-143.712055818381	11.3807407102198	0
2013	272	6.0620426442956e-05	-0.0013149050421557	0.00459243854470526	-183.200645409073	11.5320215585379	0
2013	273	4.58780292161483e-05	-0.000931794692720647	0.00310876607974837	-211.403643334517	11.7076096489575	0
2013	274	2.0754773636419e-12	-4.32712976845813e-10	0.0564272840922409	-2.64238086443543	12.4420759099466	0
2013	275	1.83801866228288e-05	-0.000693582593325632	0.00694559610937123	-155.788593731511	12.3257290885383	1
2013	276	4.65713686538422e-05	-0.000557184448200842	0.0258631522253486	-97.0223497579602	12.3618815306361	1
2013	277	6.43066118502973e-05	-0.000452072139763267	0.00249280736534838	-244.589362372764	12.5626179571789	1
2013	278	1.82986515383628e-05	-3.66700230611385e-08	0.00531015667584334	-174.05710659709	12.414693419057	0
2013	279	3.13320617994377e-12	-8.91042453347264e-10	0.0202934723312324	-76.3087451320133	12.5938150230938	1
2013	280	7.72712310551307e-13	-4.64155645515161e-10	0.0176135068189463	-86.4793616282273	12.5585827961793	0
2013	281	0.000108249945304772	-0.000636771624226448	0.00321204758081358	-209.004235063936	12.183192877817	0
2013	282	5.84289213692663e-05	-0.00108918846076903	0.000661850676556542	-337.77830898072	12.1363847664907	1
2013	283	3.29171324933088e-05	-0.000131927835571843	0.00902088289397063	-139.016671112608	11.7445274549528	1
2013	284	5.78755511209824e-05	-0.00356542583024481	0.0166540399351965	-90.5001158135859	12.0004898077088	0
2013	285	4.31521487351662e-12	-1.01907546262263e-08	0.0912737457338309	32.0716008859465	12.0634559110271	0
2013	286	7.24472392862297e-08	-0.00106829858360068	0.0751117505296081	17.8120870776436	12.4264436704177	0
2013	287	3.4147363999741e-05	-3.1966776637914e-05	0.0133555081374729	-106.067685844059	11.3144004762886	1
2013	288	5.07230989387462e-05	-0.00183761690742523	0.00585496897675808	-184.55274776428	11.7865996077138	1
2013	289	4.81722455740793e-05	-0.00391861252816344	0.0165870725618628	-90.7824979170514	11.3462994440759	0
2013	290	6.00497135100306e-05	-2.78833837894018e-05	0.00777713864391913	-145.988499581801	11.3364435349716	0
2013	291	9.49281330603148e-05	-0.000802502205696004	0.00105842048457521	-288.93467258116	11.887158710848	0
2013	292	5.55221614016958e-05	-0.00377710828742017	0.00490603590357846	-178.385895760411	12.0581155175741	0
2013	293	1.56835002890223e-05	-1.47540754683829e-07	0.0715297546363948	14.3868027027744	11.9902181371108	0
2013	294	6.07816833001904e-05	-0.0048784077934858	0.0391637520859757	-32.9558002651196	11.7059663598529	1
2013	295	4.59308941823837e-05	-4.13104331684131e-07	0.0173947374197304	-87.3011227362594	11.9148247546847	0
2013	296	6.82845170733897e-12	-8.33370515266049e-10	0.0468378531259591	-16.0887125186417	13.5136469281769	0
2013	297	0.000144354667342519	-3.55758125131513e-05	0.00514379728482448	-174.822873950847	12.9592355147659	1
2013	298	5.79978353101427e-05	-0.00061209493299618	0.0045460451556342	-185.304392172643	13.0020627357339	1
2013	299	0.000126128229553045	-0.00115925320203266	0.00304666279516506	-212.824840219548	12.7546458392976	0
2013	300	6.67964394985524e-05	-0.00222721206424219	0.0132764750320871	-106.039314098174	12.4786511807562	1
2013	301	0.000129949602552615	-0.00313254507449169	0.0103356266412599	-124.877302030648	12.1472954064098	0
2013	302	1.00393538086057e-05	-0.00293235533699927	0.00334416146441845	-206.158678476942	11.2417028909971	0
2013	303	4.83439342330115e-05	-0.00122994206686993	0.00175982854408986	-252.318564966299	11.3162904800348	0
2013	304	3.64391360242309e-05	-7.24404613992184e-09	0.00715179521996825	-151.278095977472	11.2997769197874	1
2013	305	4.42558999005871e-05	-1.83787789472916e-09	0.00530436830015424	-172.931918803441	11.8734260864877	1
2013	306	0.000178124214400691	-0.0018803979975067	0.0154373464893908	-96.6522768131056	11.8204174128864	0
2013	307	6.99414441671625e-08	-4.58054491744112e-07	0.0142315836941955	-101.823024312929	11.4771083357987	0
2013	308	0.000139636056997734	-0.0013255902778386	0.00306316477155816	-212.418370458403	11.5713291858894	0
2013	309	0.00010311299628821	-0.000213666109151514	0.000786474221949671	-310.297930161833	11.8112494829519	1
2013	310	0.000159428645390874	-0.0018474268569145	0.0119073965027207	-115.470238150378	11.9815744844528	0
2013	311	6.88010245997705e-05	-6.26432375868162e-11	0.00208293286777016	-240.179633961118	12.0716522163365	0
2013	312	7.79896576506497e-05	-3.67034193423351e-06	0.00166257208357245	-255.342518672035	12.3561151108531	1
2013	313	9.6498126700809e-05	-1.20477531924132e-07	0.00325200183653302	-208.829032349292	12.5222336779927	1
2013	314	6.07124616453326e-05	-2.75401214960274e-06	0.00363793819357913	-199.600962181707	12.8714177482694	1
2013	315	3.34085981662344e-05	-5.81511998090762e-05	0.00400511657578305	-197.329610607769	12.9794659652793	1
2013	316	0.000120908366237575	-2.32961622156735e-08	0.0248934460113338	-61.418120633696	12.9748138953604	1
2013	317	7.66744689165181e-05	-0.000337777210209217	0.00231562652963334	-256.087822519108	13.3861928171313	1
2013	318	3.56135497126391e-05	-7.89669716927947e-07	0.00777238473442255	-144.798152090233	13.2333816040304	1
2013	319	0.000212996049350869	-8.43068271452824e-09	0.00782077129468018	-146.134808188741	13.4261770265498	1
2013	320	0.000159536070613713	-4.91169039195253e-08	0.00709860661923622	-152.016277771114	13.3772640237171	1
2013	321	5.32626697276423e-05	-7.31933105522592e-08	0.0023831969640034	-230.156962633767	13.3477732595969	1
2013	322	7.50293767353582e-05	-1.31654980238161e-06	0.0203279618101141	-77.7295079875449	13.1913437395988	1
2013	323	0.000563198665377106	-1.6980431278139e-10	0.0105367975513621	-124.350804377497	13.6541765862572	0
2013	324	0.00026050173870751	-0.000817921372248928	0.00251989547697983	-226.490675644243	13.8271630663684	0
2013	325	0.000181200574998145	-5.15385335230404e-12	0.00260052455459961	-224.206988257534	13.6587510769106	0
2013	326	0.00018337022750219	-0.00115928396591361	0.0037997891459954	-196.924430452029	13.5956300527804	0
2013	327	6.76662320310892e-48	-3.22547422259422e-10	0.0172880882686079	-87.8281836738514	13.3658276042686	0
2013	328	0.00018443794981234	-1.46438982504847e-09	0.0180194517347686	-85.4526256214986	13.3419617634198	1
2013	329	3.69539752509461e-12	-1.13308243800444e-10	0.0196322929900601	-78.6868627492774	13.7109642647623	0
2013	330	0.000124341163575075	-2.47042370807928e-09	0.0494713220042837	-12.1446484237586	13.6064737083762	0
2013	331	0.000396383238930894	-1.38405280161821e-09	0.0373651267058424	-32.3303264902372	14.484022272954	1
2013	332	0.000150694755689556	-1.64202197521086e-07	0.0392818839024015	-28.674567993101	14.4737726047241	1
2013	333	0.000249195729859892	-6.67080866252071e-08	0.0142092971371649	-102.136564009487	14.5738095515368	1
2013	334	3.6415275879026e-05	-2.16392193112619e-05	0.0104208814895244	-125.30633193903	14.6654118545736	1
