year	doy	GPP	R	NEP	GPP_SD	R_SD	gppCoeff_SD	rCoeff_SD	doInit_SD	nll.nll	converge.converge
2013	15	1.29663267361404e-12	2.79351933718806e-06	2.79352063382073e-06	0.282430637601522	0.807907567666504	9.32589536059043e-05	0.00758123903615676	0.507545126092574	-24.2819807078847	1
2013	16	1.13819827219485e-06	1.30161276532378e-20	1.13819827219486e-06	0.331828521363742	0.607161175764346	5.49306101885076e-05	0.00589201816764396	0.709018869814711	46.0599515125604	0
2013	17	5.03307655213538e-07	1.18201540449385e-33	5.03307655213538e-07	1.06986509075583	1.46049623264913	0.00019749682207033	0.0166333912915599	0.977922191088804	109.319045947535	0
2013	18	1.88204501134692e-10	1.17614048285e-07	1.17802252786135e-07	0.368553283119952	0.704187823089384	7.07310007406603e-05	0.00817607344040656	0.734314344014239	26.0846688827296	0
2013	19	1.4079637853515e-06	2.22953471040275e-25	1.4079637853515e-06	0.380313340315382	0.806540460031293	6.18277529008411e-05	0.0108455541816838	0.690828883028808	46.6406784036537	0
2013	20	2.12996576476629e-07	9.95807741518134e-09	2.22954653891811e-07	0.240191863259481	0.750112306026128	6.97093142865521e-05	0.00936942560169991	0.564304653909763	-34.0414655538101	0
2013	21	7.60975701650959e-16	6.42981614198249e-08	6.42981621808006e-08	0.372588133771746	1.14337989197355	5.69160232738874e-05	0.01225479672422	0.664415694068515	-17.604616612924	0
2013	22	1.20530839961468e-06	4.78822541604489e-07	1.68413094121917e-06	0.632482115222354	1.01283878687089	6.78189365714015e-05	0.0129394818390138	0.900245327353317	79.2672048148952	0
2013	23	2.96644764105438e-17	3.9820815591707e-08	3.98208156213714e-08	0.306894571139368	0.460989185947522	0.00014308493602085	0.00703052618601018	0.522290164727156	-106.416432790323	1
2013	24	3.10748273588413e-06	5.16217318639611e-09	3.11264490907053e-06	0.469530886169393	0.742601375150472	3.29871685593845e-05	0.00921645179433377	0.60242834718006	-46.2256143873772	0
2013	25	2.82839904590422e-07	3.78950432775123e-07	6.61790337365545e-07	1.17953805068658	1.57611151805158	0.000139134677774078	0.022225910221879	1.08794014466143	53.9357175021649	0
2013	26	2.98933388037301e-07	2.78647152767243e-11	2.98961252752577e-07	2.19142860382571	3.15876016119611	0.000409387361664169	0.0408789690540123	1.61370551547624	124.66486314398	0
2013	27	2.08436723227909e-06	6.85998538195627e-32	2.08436723227909e-06	2.89112085144752	3.81318536684263	0.000302714018916659	0.0628497380637917	1.38814908647576	185.663862964052	0
2013	28	5.16517207044154e-13	1.1530316131353e-06	1.15303212965251e-06	1.61946638878535	2.13483991070348	0.000248871764648492	0.039569908791627	1.07261058693702	94.2739092776329	0
2013	29	0.012587841931592	1.72204184712956e-05	0.0126050623500633	0.462355447903331	1.03018607133394	8.59874053328285e-05	0.0167686250946583	0.631147823762489	-89.7340741978321	0
2013	30	1.00460630708216e-06	3.08130859139389e-33	1.00460630708216e-06	2.26360376917056	3.24059569581793	0.000523731641698038	0.0497285061711479	1.56643263292889	154.661820615343	0
2013	31	0.6254660253784	0.197082782800472	0.822548808178872	0.487182062387248	0.721498553238304	0.000113775588162804	0.0117907841272892	0.565566374214292	-81.4418828503926	1
2013	32	4.23153363698645e-68	1.09324582195735e-05	1.09324582195735e-05	1.70696211238597	2.19875071538172	0.000253657736852379	0.0384758344716704	1.27452411444876	167.779106319303	0
2013	33	1.14890762097252e-07	3.83730155390567e-32	1.14890762097252e-07	0.574189481882804	0.793143677598562	0.000117525911414133	0.0236654858841921	0.626434430428653	5.78958819618087	0
2013	34	3.06378260541576e-06	1.07256709770335e-08	3.0745082763928e-06	0.563460215328241	1.03617610986981	0.000114437257009953	0.0213576278960299	0.857709898637903	69.0949336060153	0
2013	35	1.80289396758746e-06	4.97935409465064e-07	2.30082937705252e-06	0.84431756346129	1.17484402298459	0.000106523288872797	0.0350853564977803	0.806864498916711	32.7741709227736	0
2013	36	7.99205163290238e-31	6.01102746329885e-07	6.01102746329885e-07	0.962518674187665	1.23435593033883	0.000122925670995603	0.0468944002855272	0.918876785737375	91.652045776132	0
2013	37	7.19179875519656e-17	0.00356559335842884	0.00356559335842891	1.35826353088459	1.89122912236353	0.000155829614824073	0.0764182549873343	1.02756500675031	147.963890166871	1
2013	38	6.0869870187355e-06	5.54927627506299e-09	6.09253629501056e-06	0.502315146896032	1.09384326829294	6.30078731621939e-05	0.0397821017498899	0.797113957733899	89.5769424644407	0
2013	39	2.0411267146747e-07	6.10761945229063e-07	8.14874616696533e-07	0.833364589381802	1.38606701366311	0.000157572560460177	0.0643719130191218	0.760943810976047	44.2894239814771	0
2013	40	5.51029332384924e-06	7.76295583563579e-26	5.51029332384924e-06	0.713909162953429	0.943287506049126	0.000115254636290138	0.0226932142506276	0.801605534733517	90.5201804545928	0
2013	41	7.51973062322779e-30	3.48186248324566e-07	3.48186248324566e-07	1.06542809438606	1.29537587474207	0.000178924423266262	0.0475829996522198	0.793920989364031	64.2575241729231	0
2013	42	2.60417147098843e-06	9.41355542294105e-06	1.20177268939295e-05	0.967485671090009	1.07837049030607	0.000117456084139235	0.0280401113260351	0.871910241301041	95.1103037839109	0
2013	43	7.61396587954333e-07	2.36351653899984e-06	3.12491312695417e-06	0.549087090039405	0.782311190530963	7.75352504970513e-05	0.025457723282725	0.693340307382979	72.8933952446469	0
2013	44	6.8857186240463e-23	6.46358858902413e-06	6.46358858902413e-06	0.485225241321491	0.787704538499925	7.3992946265715e-05	0.022948552865898	0.464972756942062	-40.1786748121182	1
2013	45	3.65991214796559e-07	3.67926830993076e-11	3.66028007479659e-07	0.399848180743925	0.622499932932931	4.96305367058277e-05	0.0118697845064499	0.593390965658121	51.3374224891982	0
2013	46	1.27953404472776e-10	1.80010477801472e-07	1.80138431205945e-07	0.41474246632226	0.64850777758838	7.72189002835116e-05	0.0129625595608757	0.593256181434288	32.3187602267912	0
2013	47	4.3788023254246e-07	1.3660070749664e-07	5.74480940039101e-07	0.498737731894466	0.770270558007601	7.36807652490753e-05	0.0169903082235157	0.691713623450318	79.9296271431966	0
2013	48	3.59364601230755e-06	6.12757211580184e-14	3.59364607358327e-06	0.533219416075061	0.797856705990408	7.83671708328329e-05	0.0151169403243366	0.670712923864244	43.4675077711111	0
2013	49	3.81219865525252e-14	1.1472697009813e-06	1.14726973910329e-06	0.564150116983665	0.865875392799752	4.22353533966504e-05	0.0141408108331093	0.730876611327037	95.2200149205915	0
2013	50	1.38721133860378e-06	5.73700957178867e-06	7.12422091039245e-06	0.454560220993774	0.79980606401567	3.13696198046007e-05	0.0168052153359894	0.666283247682876	55.1787744993108	0
2013	51	3.54620662149725e-46	2.96614256817592e-05	2.96614256817592e-05	0.349437127018603	0.70121498015747	2.37274571020428e-05	0.0117351151930322	0.704445426902948	59.6009118866824	0
2013	52	9.35626030364241e-06	1.02814706339788e-11	9.35627058511304e-06	0.299788775172031	0.582716916727145	1.13441213923818e-05	0.0094791971422818	0.645915221568006	69.7897465313981	0
2013	53	4.85426400599716e-14	9.12706235600613e-06	9.12706240454877e-06	0.339624096234419	0.83388983699895	2.13675586109316e-05	0.0151666352267118	0.727711210434664	89.2148697482196	0
2013	54	1.64117005998676e-09	3.0112934564429e-06	3.01293462650288e-06	0.308316838396925	0.680472044882149	1.27458735471418e-05	0.0132665106261855	0.569642719228703	28.1303232297907	0
2013	55	1.94719615195583e-06	5.23488541636854e-05	5.42960503156412e-05	0.33855626642135	0.760244940898053	1.32147704612988e-05	0.0129011739209394	0.764858204108724	106.31929654982	0
2013	56	0.000110374120028217	1.05972204450305e-18	0.000110374120028218	0.31496201268598	0.730779574893108	1.25342168630444e-05	0.0127943753022482	0.580675165094985	45.1441876446467	0
2013	57	8.38793413628093e-15	3.57832384205257e-06	3.57832385044051e-06	0.738318311219373	1.51846934878264	3.4007242134005e-05	0.027776352710965	0.98904706940355	145.178842150856	0
2013	58	4.80215374321039e-05	2.71922482755168e-69	4.80215374321039e-05	0.652354603259023	1.24831815565052	2.74370776275616e-05	0.027775214057544	0.77728901581826	99.3896591609271	0
2013	59	3.05696159296258e-06	1.88195488709223e-05	2.18765104638849e-05	3.30875140450371	3.9904662564204	0.000114901545088146	0.0905646566156866	1.14685010467354	182.130471805815	0
2013	60	4.41431451845395e-10	2.66310354787351e-06	2.66354497932535e-06	7.15048787388845	8.30483333106352	0.000496355312939384	0.203244895717016	1.13952561479277	241.776566789156	0
2013	61	3.23138919640373e-10	1.62787949865599e-06	1.62820263757563e-06	0.838121797186703	1.44531960257631	2.56721221489861e-05	0.0366202094626268	0.659822169305288	48.2046140775943	0
2013	62	4.59565613355733e-09	4.00130329612068e-05	4.00176286173404e-05	2.38309422301823	2.91037169952899	0.000127559859929408	0.0787928816434832	1.02843035863385	163.621962326248	0
2013	63	1.28858405270865e-30	4.21154618182134e-06	4.21154618182134e-06	1.36271719023026	2.10285986115646	4.57854526943918e-05	0.0541487033225341	0.863565954413535	114.90551919532	0
2013	64	3.62401651808078e-06	3.72236987551695e-08	3.66124021683595e-06	1.3480491335508	1.9579694182344	8.5893052485756e-05	0.051416130601354	0.899301966080635	131.52409872863	0
2013	65	3.16158430042888e-23	2.59576038640771e-05	2.59576038640771e-05	5.16278804188075	4.85640949436634	0.000186481186562035	0.133666952470047	1.20081960009356	204.556932288146	0
2013	66	0.000162716443493313	0.000631331304493909	0.000794047747987222	1.89616276720484	2.72156974261523	5.43446667777324e-05	0.0760827439545128	0.92635228310139	130.524832715389	0
2013	67	2.47939027028938e-05	1.11674155851858e-14	2.47939027140612e-05	1.0781806089004	1.81823382983168	2.70741874629663e-05	0.0484675851580283	0.695308640868203	82.6510071573686	0
2013	68	1.32658840549418e-05	3.12790609151267e-23	1.32658840549418e-05	1.19105766111736	1.88161599580593	3.19903409958383e-05	0.055095950208199	0.701643346192619	85.3991579035665	0
2013	69	0.0548973116415284	0.0024127748367197	0.0573100864782481	0.647470487268353	0.95758564446233	1.84559407700388e-05	0.0319657693373603	0.288382910805106	-8.63976040410421	0
2013	70	3.36276961011791e-06	2.30711920061291e-05	2.6433961616247e-05	0.81409645523219	1.33906691119978	1.97841631294196e-05	0.0508708418408231	0.518158144843074	-3.07806502829817	0
2013	71	3.22586310893136e-14	1.34641596214777e-05	1.34641596537363e-05	1.08994130348625	1.61491332137568	2.89438109585833e-05	0.0582254748506944	0.629214940268507	49.5308028519537	0
2013	72	2.43452110009941e-05	1.33217023667279e-13	2.43452111342111e-05	1.96788470478392	2.75062826963208	4.68948480201742e-05	0.114082016346943	0.896513904542925	152.787500255242	0
2013	73	3.62334480795027e-06	1.71823139786311e-12	3.62334652618167e-06	0.982143190941997	1.62020864467454	2.28661017115747e-05	0.0698909767672512	0.54895890018569	44.9091637060983	0
2013	74	4.46537562926802e-07	0.000151260367419466	0.000151706904982393	3.13315641711335	3.8559791799736	6.76425216389855e-05	0.155109227908333	1.24134767428835	215.663814822758	0
2013	75	0.00113052632791259	0.0470239620701015	0.0481544883980141	0.620799236114656	0.941341264248175	1.31096914940031e-05	0.0360776407186489	0.487183948305192	41.1361613967586	0
2013	76	1.36575110704797e-05	4.60585304987404e-07	1.41180963754671e-05	1.39912197089733	2.11518165586363	3.21886063622599e-05	0.100183674593796	0.787177477803857	83.1356787159991	0
2013	77	3.42636867631155e-05	0.000174253664950284	0.0002085173517134	2.6158459597229	3.20917864366436	5.85794305413267e-05	0.113382042354861	1.05385057273917	188.123745848531	0
2013	78	0.000471477985260885	0.482945731413107	0.483417209398368	1.14199582651046	1.72499445347042	2.49826071964815e-05	0.0569192171641334	0.363890255669518	-58.476630959589	0
2013	79	5.75649316791391e-05	2.55074999435826e-14	5.75649317046466e-05	2.31491322185197	3.09255747669398	7.40314785156615e-05	0.132329813936062	0.922474397733519	153.899799302756	0
2013	80	3.03352962108859e-07	0.000338031790870292	0.000338335143832401	3.28780415228867	3.99334695058172	6.57084920851059e-05	0.148760819625982	1.09545890201659	211.516680597674	0
2013	81	3.05677025864672e-05	7.24833048254099e-05	0.000103051007411877	1.71256343493322	2.36100089914355	3.50817922416499e-05	0.0715729012604345	0.896586651775026	156.506284211233	0
2013	82	8.54562366182525e-05	5.08382011053768e-14	8.54562366690907e-05	1.38694362087896	2.08458659860922	3.42615691145787e-05	0.0869140450009005	0.811062391418067	138.354798796992	0
2013	83	1.33891488591806e-05	8.1270133561227e-06	2.15161622153033e-05	1.69153624584267	2.59569124177477	3.95112238585579e-05	0.105101829969379	0.843824555113158	152.951470425668	0
2013	84	9.9183505253169e-39	7.98463820819165e-05	7.98463820819165e-05	1.01247380405476	1.4047958875956	1.92851578567326e-05	0.0539209207670463	0.679349764790789	104.526053183392	0
2013	85	5.91501398481736e-07	2.35587897425785e-05	2.41502911410602e-05	0.825435240747339	1.21013465560764	1.67357367317862e-05	0.0427485321208357	0.512255358655363	12.7526451943495	0
2013	86	0.00104086551376208	8.86434953201974e-07	0.00104175194871529	1.55848110414869	1.97845214284965	2.92955615727179e-05	0.0748400456688146	0.897769020157917	165.746478330471	0
2013	87	6.7528833911872e-05	8.52016314124793e-08	6.76140355432845e-05	1.01248097511428	1.51459785235107	1.92212523619952e-05	0.0818011564163302	0.656396362696857	103.044080501368	0
2013	88	2.92056788312964e-05	0.000238435000488511	0.000267640679319807	1.3218733040536	1.84366133071499	2.54536118253467e-05	0.0750531295178367	0.645522666961807	95.5085839650724	0
2013	89	1.30971044082623e-05	1.3442769513115e-10	1.30972388359574e-05	1.14723618022218	1.46212233506375	3.18193493946544e-05	0.141616969205855	0.512971485415907	26.8170378302301	0
2013	90	1.30180668176372e-12	4.52513882760041e-05	4.52513895778108e-05	1.15853360970383	1.55985220053569	3.35725553045171e-05	0.120203280155654	0.717218085847519	111.367078577615	0
2013	91	4.3244750728485e-06	2.91472953006783e-05	3.34717703735268e-05	3.16081053435944	3.77988625738415	0.000130736621496406	0.180193332570802	1.05535996958803	201.799779805355	0
2013	92	6.10441654974422e-08	0.00028498002955377	0.000285041073719268	1.54860584572036	1.85082662327748	2.67797637519873e-05	0.151168966106803	0.755056484755896	121.226120615976	0
2013	93	0.000287886263858363	6.76466357763175e-07	0.000288562730216127	1.38926238989531	1.45451863400544	2.20806368398968e-05	0.116732497248174	0.701727174748725	124.036602293438	0
2013	94	0.000106308842872614	2.88501692936274e-16	0.000106308842872903	1.02544736354515	1.45683625805456	3.50296015342143e-05	0.101477146904504	0.53309724227035	59.6813100266354	0
2013	95	1.58959980590102e-12	4.31926057585103e-05	4.31926073481101e-05	2.92680874027874	2.75747718482953	0.000131576550230915	0.319669568090553	0.838596042429386	180.607426775049	0
2013	96	0.0826528799110317	0.0595728754922874	0.142225755403319	1.47583326330271	1.76039537888265	2.48197596531168e-05	0.176586859536282	0.748906670520086	123.704375519558	0
2013	97	2.84660068450994e-05	3.45771546992639e-06	3.19237223150258e-05	2.78109439500667	3.44242153779823	4.93159021552136e-05	0.193092848066664	0.936177910434932	187.427924686386	0
2013	98	8.23837192582309e-06	8.89718045497414e-05	9.72101764755645e-05	1.41490984528413	1.7040799877595	2.66108249337472e-05	0.127802121799693	0.687260270255104	82.7732692570361	0
2013	99	3.96157245889332e-08	7.60731325594151e-05	7.6112748284004e-05	1.31103464387169	1.54239491079584	2.01792876774677e-05	0.170947125590296	0.73509312078324	124.826437782602	0
2013	100	4.08126442061815e-05	4.17389229643425e-17	4.08126442062232e-05	1.12400920486486	1.25800013994352	2.15742920028882e-05	0.18081698240923	0.648943328893973	108.60454289584	0
2013	101	1.56598452811115e-06	2.48037534668356e-06	4.04635987479471e-06	1.07867558503276	1.31289094258506	3.35704302664716e-05	0.140867942985746	0.536180952303347	65.924871309356	0
2013	102	0.000291186784825136	9.10144904408946e-05	0.000382201275266031	1.54248702376903	0.648340059244115	5.3305382569816e-05	0.400917321777869	0.967354798580628	174.150067313467	0
2013	103	0.477853939769215	-1.91560859127547	-1.43775465150625	0.662505929760352	1.01793884801915	4.33620755563877e-05	0.0608679327284941	0.331561176284254	-99.2034947047648	0
2013	104	0.0028493557957758	-0.000735468300801871	0.00211388749497393	1.08236206546141	0.455854988262066	6.15499494584306e-05	0.0290712161478262	0.476798526627281	22.9855918880163	0
2013	105	0.000746244963890817	-1.82296042700472	-1.82221418204083	0.935693756326286	1.19411368134745	1.7085017196408e-05	0.0797237542412388	0.711678315136219	19.5116394108841	0
2013	106	0.000373222110622559	-1.93979108714241	-1.93941786503179	0.809980943156311	0.289280266306481	1.19333293300684e-05	0.00781878525468631	0.608273511574903	54.1311344911481	0
2013	107	0.00944511200242986	-2.05421680755093	-2.0447716955485	1.42726801411903	0.884363730052318	3.66241426650396e-05	0.0179433252203369	0.743176180228393	-16.3512676721589	0
2013	108	0.000600376850683725	-0.820842556544456	-0.820242179693772	1.96362476455577	0.342559888882281	4.26666223699838e-05	0.0068959072212484	0.803673464103653	21.528555175513	0
2013	109	6.64421018574561e-06	-2.35710817579976	-2.35710153158957	1.8198647477196	0.33751402210883	3.71973303748357e-05	0.00515766498539628	1.02134106697838	-15.3945151522412	0
2013	110	0.203342052501659	-1.40984551690202	-1.20650346440036	0.574510069842633	0.0858068161045271	1.29476119424514e-05	0.00103974443160144	0.593621862035862	-104.031905871334	0
2013	111	0.000600493560977022	-0.939983817694623	-0.939383324133646	0.446650801709344	0.358962971393013	6.12279333302533e-06	0.00349863009478303	0.366841768556549	-167.336265003293	0
2013	112	0.041913891357495	-1.38764142483461	-1.34572753347712	0.736423015233647	0.355205165949418	1.06686635707152e-05	0.00289922782505203	0.545741541399247	-135.334987344655	1
2013	113	0.26281366086827	-2.2726875665435	-2.00987390567523	0.533405880183226	0.0170360977200979	2.47610331414292e-05	0.000130716817938444	0.800157561489193	-235.687924212921	1
2013	114	0.0429703077798033	-2.23283228579688	-2.18986197801708	0.764703786902497	0.0183655795287031	1.10347668051537e-05	0.000118225734252429	0.897460271593907	-138.981536234362	0
2013	115	4.09296084411822e-05	-2.50551381078564	-2.50547288117719	0.57991939259937	0.182463327664173	1.02977341104257e-05	0.00130839329455335	0.645453379143792	-96.4495983890834	0
2013	116	0.921256859829368	-2.010769482606	-1.08951262277663	0.519501972978969	0.0227870876515809	3.19854420299633e-05	0.000277840657835605	0.518430102905018	-82.8845439111599	0
2013	117	6.01141027994153e-05	-0.767045868191512	-0.766985754088713	0.543792175331309	0.100135303499984	2.1362819440082e-05	0.00275472467340741	0.445297792916634	-80.3050098706492	0
2013	118	1.25217810002226	-2.6911468076784	-1.43896870765614	0.416334031848425	0.584422720968344	6.134150165542e-06	0.00701935960626538	0.403431254887409	71.6419748731325	0
2013	119	0.0343439443269707	-2.23316152033839	-2.19881757601142	0.861086914071295	0.185776759240398	1.92728509849509e-05	0.00155895429137456	0.684110617243134	-175.958291704774	1
2013	120	0.00313732417098882	-0.820208348138817	-0.817071023967829	1.53795027050925	0.0253944118336194	3.89077673332517e-05	0.000184823687194143	1.06925917402111	-200.815067131866	0
2013	121	0.140653606380689	-0.192065793805854	-0.0514121874251653	0.522927373004357	0.0771510896047136	7.57022334160763e-06	0.000349404930121895	0.664875082485782	-151.167653285543	0
2013	122	1.34926884310556e-06	-0.719435978614079	-0.719434629345236	1.02576546861387	0.0548241236018978	1.29373099037297e-05	0.000225274673737737	1.14573041742475	-283.829018490796	0
2013	123	5.80381824107791e-05	-8.10653071262317e-06	4.99316516981559e-05	0.453140246557554	0.00993954847014807	5.4957918387678e-06	3.80422103989718e-05	0.626368668451886	-86.333403169834	0
2013	124	0.155447548161564	-0.000447643439301578	0.154999904722262	0.490738800291879	0.124036560999897	6.1248509712797e-06	0.000444272924789914	0.628712994320255	-115.901978038724	0
2013	125	1.91867200947613e-10	-1.12214113799033	-1.12214113779846	3.22672644330294	0.0480075573114958	4.88732470026685e-05	0.000154058791208833	1.6930177861207	-195.923846738201	0
2013	126	0.00861167130489793	-0.415939728609718	-0.40732805730482	0.604768954808234	0.182993343997883	7.32729484951957e-06	0.000592015114029562	0.628216926218458	-49.1986430876779	0
2013	127	1.40725401043989	-1.11239894276524	0.294855067674651	0.746786557720641	0.102060516006481	1.0531769110705e-05	0.000310453390480476	0.856096524394185	-77.55279111464	0
2013	128	1.9386610940829	-3.13047918054211	-1.19181808645921	0.667027801371986	0.474092252439209	8.33603201273777e-06	0.00141602360686879	0.727962660208441	-34.368462571369	0
2013	129	1.07986859581892	-1.0257378150421	0.0541307807768212	1.01579157367933	0.00717171443376683	1.6711870132992e-05	2.04399727167535e-05	1.14672645312201	-136.539152590138	0
2013	130	1.28034609174096	-1.11057993392331	0.169766157817648	0.634906540167644	0.104956614347401	1.12158328719911e-05	0.000284138653199373	0.785293037129299	-111.879774198385	0
2013	131	1.54257896052031	-0.45017689773476	1.09240206278555	0.981196444909734	0.026239135949569	2.02344438325137e-05	6.83082950922387e-05	0.900343238004089	-9.48212223563489	0
2013	132	1.16464211632348	-1.67777227917397	-0.513130162850497	1.00123524692657	0.0156149299922936	3.21021032731582e-05	4.04740166044979e-05	1.0373286384588	-55.0025461318077	0
2013	133	9.29585354332294e-08	-1.43763230387672e-05	-1.42833645033339e-05	1.33656971876824	0.0457706102248213	3.14360145149095e-05	0.00011739366914382	0.969733839022566	-13.1915087161435	0
2013	134	0.983136018052506	-0.383501156641108	0.599634861411397	1.74451564403437	0.272980352840096	2.36390455354528e-05	0.000697408348021586	0.984200347321003	7.93483394768166	0
2013	135	1.26172527300922	-1.06600694551519	0.195718327494025	1.275014335452	0.378709112079786	1.4730909531863e-05	0.000980037425275544	0.767987148996431	-17.4677560150577	0
2013	136	0.241509587536823	-1.17392715331465	-0.932417565777827	1.01961285493932	0.12982273172979	1.24845400455567e-05	0.00033063700843046	0.96052820000724	37.7851397963479	0
2013	137	1.22030410306039	-1.7327190328426	-0.512414929782213	0.917748620162758	0.334045516769088	1.47050918935234e-05	0.000828194786763969	0.873005374386172	42.2421756690634	0
2013	138	2.29651284848436	-2.92258799849114	-0.626075150006771	0.948100687341851	0.132386765643173	1.89996715443897e-05	0.000315694318299832	0.870789592724765	-88.8294729644416	0
2013	139	3.73627553390203	-5.33491638904899	-1.59864085514696	2.2021815615355	3.11733617333154	3.10419635595857e-05	0.00729777125812875	1.1236410573637	66.7999023385391	0
2013	140	0.704909467588462	-0.000636586865136274	0.704272880723326	2.20147139774146	1.41158907931078	3.01431345485622e-05	0.00330348670452483	1.21572814382163	139.688914389827	0
2013	141	0.000517463679377364	-0.984141280165561	-0.983623816486184	1.39554327613958	0.439809661072841	9.23454987044624e-05	0.00102779800190473	0.83323007529711	-12.5119261872007	0
2013	142	0.684893475497359	-1.14271901954177	-0.457825544044406	1.11657828439421	0.0107977511422872	6.09981699752914e-05	2.54428912391122e-05	1.01883321622755	-203.472422729469	0
2013	143	0.523764428587055	-0.178480718252314	0.345283710334742	1.58119614727343	0.521102871520502	2.17283427350483e-05	0.00122894331850486	0.925725299540691	46.1554453331052	0
2013	144	1.65077221559377	-1.80486772138648	-0.154095505792708	1.89238166717802	0.557682625758747	2.39674074547427e-05	0.00130534843862533	1.06375895944266	56.9714007623368	0
2013	145	0.563101320423894	-0.520797201149114	0.0423041192747794	1.65514295553921	0.0490532450877027	9.86092421646687e-05	0.00011630258953789	0.936465598400204	34.0111725832024	0
2013	146	1.8156334629355	-2.58553932287079	-0.769905859935289	1.60145620196474	1.27271736844657	6.28635114532693e-05	0.00308155963454044	0.801618340230576	5.96118675234837	0
2013	147	1.33244973793663	-0.000215804626696704	1.33223393330993	1.74724814902061	0.740250654989502	1.99684779772205e-05	0.00179989685984568	0.794308200145693	30.1802613062188	0
2013	148	0.825037172744852	-0.642008777062278	0.183028395682574	1.08590635122351	0.115266373527667	1.85952244938459e-05	0.000277077720569616	0.779768561123915	-31.0429572081735	0
2013	149	1.12799234934818	-2.24160789635252	-1.11361554700434	1.36837161610206	0.286363857995895	4.37064516166335e-05	0.00068357755776966	0.909728698087137	-41.7497870976639	0
2013	150	3.81014275154646	-4.17480931840673	-0.364666566860279	2.15097750389396	2.70738003112478	3.35246097880697e-05	0.0064378776495054	1.0357511453523	76.320456052934	0
2013	151	0.00137517446075809	-0.618570360731474	-0.617195186270716	2.48932848887891	2.10842906885778	3.89197239182253e-05	0.00503161615851038	1.24683322781698	129.717818170939	0
2013	152	0.553257830059437	-0.00821757407148283	0.545040255987954	2.6458330273448	2.70131145285436	3.27001633527503e-05	0.00635821318648443	1.27668281672608	107.238680172685	0
2013	153	0.0389963449191451	-0.269771593099617	-0.230775248180472	2.2793207972083	0.625717416457331	2.72497544592532e-05	0.00144948602944023	1.10312721942047	84.6622063388699	0
2013	154	1.27452592898151	-0.645330707322477	0.629195221659029	2.12689930134214	2.05242631379985	2.41776550502664e-05	0.00473124513454964	1.20390910166312	139.817022129016	0
2013	155	0.398565390512983	-0.0349889329499563	0.363576457563027	2.29287112349384	1.83345604357741	3.54041220504954e-05	0.00417396554009917	1.28415167672829	188.017106117376	0
2013	156	1.39797144075804	-0.586472802039194	0.81149863871885	3.02051057229317	2.30071361909613	3.34548810157555e-05	0.00517495224250066	1.45463098983574	63.9287715179768	0
2013	157	0.846747090362157	-1.33435687643892	-0.487609786076758	2.89078980721069	2.00928211343535	3.77206994136172e-05	0.00442297011680931	1.51696015324188	82.8636870220983	0
2013	158	0.686311749740306	-2.18020723403848	-1.49389548429817	2.09341712908031	1.65516092891276	3.15067150786742e-05	0.00363029479547781	1.21465052872414	110.911945053916	0
2013	159	2.02996333350056	-1.11939274012401	0.910570593376546	1.573119578697	0.187013215527394	1.7288154537111e-05	0.000410864835539873	0.97614583913742	34.5923217281306	0
2013	160	2.51624483371431	-3.15885489149778	-0.642610057783474	1.17176182694348	0.154374394700324	1.39026515180619e-05	0.000340998674273265	1.13736138609532	-60.7184019937115	0
2013	161	2.50606208064258	-2.47659135133372	0.0294707293088599	1.42103232516975	0.0704146734484828	2.69701295048781e-05	0.000157020297315799	0.975533945037627	-100.922290993906	0
2013	162	1.41568808394734	-1.91414087384789	-0.49845278990055	2.67402926280342	0.0589494823531655	4.96918282345161e-05	0.000134178955136186	1.24406768653467	-202.043288925775	0
2013	163	3.65928698695428	-2.36566009768517	1.29362688926912	1.07755318429566	0.149537593227214	1.46731546292358e-05	0.000341498106889439	0.846530877320654	-71.5217635876543	0
2013	164	3.37506299720653	-3.10448211511808	0.270580882088458	1.70033567761532	0.150773469913868	2.23203542522729e-05	0.000345285089185979	1.1583554154494	21.8596924091179	0
2013	165	1.28437149005258	-2.10555062333745	-0.821179133284866	2.55567062593455	0.034396487501256	5.34418455102794e-05	7.94627298183663e-05	1.50830172653767	-146.161313367083	0
2013	166	1.61952573250416	-1.87671536932743	-0.257189636823268	1.79441889268612	0.0390215404793449	2.58316282011436e-05	9.13058910265624e-05	1.30055310215446	-169.635679555149	0
2013	167	2.55036005905968	-2.48647234691531	0.0638877121443673	1.68284671095314	0.0836022812170902	2.62014098307829e-05	0.000196443697615142	1.2862770506086	8.18413919488368	0
2013	168	0.000237926534240335	-0.0161516987721256	-0.0159137722378853	3.51499866868977	0.0218600581021282	6.40543867742626e-05	5.19719524707255e-05	1.6695363922833	-48.5863775456452	0
2013	170	4.84929050715102	-5.96085293714923	-1.11156242999821	1.54201486432685	2.27974932723786	1.67641593261177e-05	0.0053840458739621	0.92965215794896	50.9527659255943	0
2013	171	1.41607894794264	-0.273131714207833	1.1429472337348	0.748973209330939	0.0242043465042744	1.88711390140791e-05	5.75019301564024e-05	0.70488069049924	-55.0951694838777	0
2013	172	0.631786598402177	-2.38204639329573	-1.75025979489355	1.40610146576127	1.8385309593157	2.90017244707552e-05	0.00436856487808264	1.10031492501618	137.055438194178	0
2013	173	1.83502509361302	-0.738860513615669	1.09616457999735	0.738112340933948	0.0106210258586403	1.40446381663541e-05	2.44821914553817e-05	0.883143617473082	-100.442248681705	0
2013	174	4.75230663730439	-4.60817891806944	0.144127719234947	2.29623904045437	2.72511039020077	2.56603559481474e-05	0.00620702860905168	1.18742371509992	91.6410882905806	0
2013	175	2.6080895948619	-2.06104876101405	0.547040833847851	1.17086918758791	0.786719120419135	4.563789508466e-05	0.00182055392587862	0.775393230590213	-59.6549650432094	0
2013	176	1.34712798033895	-0.270023487327837	1.07710449301111	0.957742573837851	0.0385708835986904	1.45200131106668e-05	8.65565628081076e-05	0.863343787024335	-36.6870064323948	0
2013	177	1.60563489817709	-1.65518181069767	-0.0495469125205799	2.29048672381787	1.51084598327704	3.29813623511526e-05	0.00347361056542782	1.19852696121449	113.113674231634	0
2013	178	1.79347230764955	-2.31435928955094	-0.520886981901393	1.47879318234468	0.00860897163812509	5.00395019613449e-05	1.9381444625657e-05	1.23234169301849	-101.641789522066	0
2013	179	3.38110732394727	-4.61145112928745	-1.23034380534017	1.26224765172679	0.616497734443921	1.72357007625915e-05	0.00139103432792327	0.947162279213321	-44.8871082633352	0
2013	180	0.500905734254022	-1.23123997214843	-0.730334237894406	1.50246855006955	0.0398416221581388	3.81920312157198e-05	8.99899397632725e-05	1.13136621866777	-116.93242110618	0
2013	181	5.46131790071591	-5.89327002342678	-0.431952122710862	1.40825137209577	2.01001590901906	2.08102794540328e-05	0.00455555310037179	0.866544628246084	10.0863954493188	0
2013	182	1.77368487288417	-1.61188639085634	0.161798482027823	1.01483109927005	0.00699828975502242	1.50380038375615e-05	1.5912909943181e-05	0.964366546277507	-130.504661108337	0
2013	183	2.09430848485648	-1.49909452965797	0.595213955198505	0.779470447795601	0.0872774186158344	1.08381999571506e-05	0.000199554429070008	0.823334352653919	-140.428109286885	0
2013	184	3.1102254023788	-2.00068357559421	1.10954182678459	0.944350472679598	0.1105869596825	1.27839063096126e-05	0.000250439707062242	0.752108124973227	-169.883081762248	0
2013	185	1.19939320092471	-0.675653205419459	0.523739995505246	0.776576289617136	0.0194930282015463	1.06661884657115e-05	4.33692099138985e-05	0.816519728153043	-88.0211523805514	0
2013	186	2.02183593406271	-2.34080018007529	-0.318964246012575	1.04196786193068	0.104376914278908	1.49092937228935e-05	0.000230948954952203	1.08941457324688	-91.8820667991687	0
2013	187	1.81869891823581	-2.50495418596781	-0.686255267731999	1.54326785593776	0.0402670779752705	2.17551423717544e-05	8.913038098498e-05	1.25916028359984	-195.206637080639	0
2013	188	2.38736829165373	-2.68673427445496	-0.299365982801228	1.14055481599021	0.123432719567687	1.41565955934717e-05	0.000273598466809286	1.09481582529018	-105.526421241449	0
2013	189	4.10355018240244	-4.57374470742453	-0.470194525022093	0.845220137546819	0.20795353294583	1.03324604553547e-05	0.000458418934616894	0.862273820560257	-61.1109117598485	0
2013	190	2.59875205459162	-2.2029760616363	0.395775992955318	0.912122628148731	0.151540002395455	1.02434323152429e-05	0.000335663451303928	0.86706847628447	-131.065201521881	0
2013	191	3.22307514470059	-3.24370256162985	-0.0206274169292624	1.12494716799575	0.340600940731999	1.3342445239959e-05	0.000754486938576305	0.812341521387366	-47.1814430411595	0
2013	192	1.63515715655135	-2.68664651816517	-1.05148936161382	1.06277991981026	0.317228889445018	1.27583719960076e-05	0.000704264282376073	0.953260600523578	15.5080863753019	0
2013	193	2.90084143901023	-3.51292243823204	-0.61208099922181	1.31034916127007	0.847187101123603	1.46908284585194e-05	0.00186365863430766	0.967343175994131	7.62521709299597	0
2013	194	1.08497286895359	-1.36858264556765	-0.283609776614058	1.30705618076102	0.49651962453022	1.71356573696225e-05	0.00109913799076673	0.802047662236797	-14.2695636056774	0
2013	195	3.20582197324517	-3.1217378537957	0.0840841194494701	1.1647133608245	0.431152704467682	1.38675319300635e-05	0.00094832711576512	0.898412995312418	-8.21615440451851	0
2013	196	2.74223274353587	-3.30160798849727	-0.5593752449614	1.29002897129372	0.123144602386747	1.78272067439184e-05	0.000270479050292863	1.20368252589621	-137.539065267214	0
2013	197	1.24136248368631	-2.11317502121195	-0.871812537525645	2.95544366500062	0.150294220510356	4.49911691863372e-05	0.000335180059671852	1.3491880938586	-154.848955349224	0
2013	198	1.7701845049288	-2.20010322062927	-0.429918715700471	1.83069607410535	0.0554863196967102	2.40759691620268e-05	0.00012607764762594	1.2027194175947	-95.1239954392261	0
2013	199	2.91941845314439	-3.04313163432658	-0.123713181182196	0.868239098130279	0.0195814273618493	1.54202254157526e-05	4.47238568977845e-05	0.931331474119442	-118.556713222061	0
2013	200	0.955858487082387	-1.7084361704936	-0.752577683411216	1.65914010114234	0.0392120307171723	3.65152831648153e-05	9.03084798331661e-05	1.34241532425744	-169.152195819677	0
2013	201	0.676613335975332	-1.61029956843477	-0.933686232459436	3.68429015735968	0.0851461943114736	7.03454650590143e-05	0.000200681457140089	1.39781982709052	-245.004625715354	0
2013	202	1.80515402107416	-2.07222266168836	-0.267068640614201	1.74310029954937	0.0160536329220827	4.68848256367408e-05	3.82159098629994e-05	1.05127995913	-146.804482583612	0
2013	203	0.160953561505001	-2.07418552131104	-1.91323195980604	7.81213295830571	0.0366351134086589	0.000331249258530987	8.9059901387846e-05	2.05456720878323	-207.356415085039	1
2013	204	1.33871223942811	-1.96456474725115	-0.625852507823037	1.61999509552984	0.0416273407565514	5.20750362504373e-05	0.000101381889305299	1.26915783004862	-214.813793964568	0
2013	205	1.41102479638079	-1.89935288736416	-0.488328090983368	1.2347751245215	0.00766793660330647	5.2414754289959e-05	1.85190137874122e-05	0.990554999107296	-229.679412006779	0
2013	206	2.89981349065549	-3.1964877027998	-0.296674212144308	0.823722976376969	0.253853686109275	3.20299074691221e-05	0.000608663605251646	0.792710488747739	-124.06889717943	0
2013	207	2.19251400425083	-1.56854010215604	0.623973902094796	0.800838657981573	0.00748537323193175	1.38948132489438e-05	1.76382666913581e-05	0.842747691021101	-104.938597989228	0
2013	208	1.81022888526715	-1.17268533202578	0.637543553241369	1.10215906070204	0.155070241272109	2.30116333514524e-05	0.00036224837342095	0.812932936601553	-65.7278038669943	0
2013	209	2.20369963080525	-1.82915629746171	0.374543333343542	1.14843964414071	0.359226398943107	1.3978871075895e-05	0.000832137213644061	0.794352188017611	-25.4945184945629	0
2013	210	2.35545509771269	-3.14680994994065	-0.791354852227959	1.16157113828398	0.641737147002609	1.52592256670649e-05	0.00146161601221472	0.887503533736935	63.3882438926971	0
2013	211	0.000132572501394275	-1.90861994677342	-1.90848737427202	1.08835534739959	0.512097370532405	2.44407616382454e-05	0.00119037635471569	0.832697418474023	59.5663975068141	0
2013	212	1.57613733519276	-2.34221830537092	-0.766080970178163	0.496507744899154	0.0911965268805362	3.13717435222305e-05	0.000211499399654551	0.652184703632553	-173.000637403636	0
2013	213	1.28524474762833	-1.58307579637294	-0.297831048744617	1.1064645894862	0.0272570429490038	1.91851290008472e-05	6.32524474094934e-05	1.017626341041	-221.684772939164	0
2013	214	0.708677530822943	-1.14795118630687	-0.439273655483932	1.30138189827645	0.0308419748286174	3.88268371022973e-05	7.19430360337566e-05	1.17534685768959	-235.371934327075	0
2013	215	4.03150082356532	-4.5106004092475	-0.479099585682174	1.8146284524857	2.63754198715113	2.35380951609343e-05	0.00607867258001845	0.947027281386753	56.2323441751673	0
2013	216	2.01578629910733	-1.3863764906207	0.629409808486629	0.896810311344258	0.23492215632229	1.16032157904549e-05	0.000532980583008408	0.795743317601361	-26.7151748576987	0
2013	217	2.17772339944138	-2.31235467595475	-0.134631276513372	0.990210287831828	0.0411530732426601	1.73908192640415e-05	9.20093914472878e-05	1.02070026350239	-106.817325063445	0
2013	218	2.13589272410451	-3.44728606412867	-1.31139334002416	1.12269124135656	1.03049739901315	1.5342695398158e-05	0.00229913155013566	0.788284231631673	0.936482322696827	0
2013	219	2.44001700755834	-2.2968100023824	0.14320700517594	0.767492833171601	0.0940738420019957	1.07083872506936e-05	0.000208553314665788	0.835754187657113	-11.4884270512543	0
2013	220	1.75050936528869	-2.4121575920458	-0.661648226757107	0.829330125286557	0.0931516862877786	1.33355018822451e-05	0.000205208062124099	0.88840825336184	-101.411054781689	0
2013	221	1.22255578442063	-2.2595791221344	-1.03702333771377	1.98348608323631	0.0183752579130628	4.46045771326908e-05	4.05328039429429e-05	1.14976303436886	-232.260408537697	0
2013	222	2.18056359011595	-2.4124081715241	-0.231844581408146	0.836175104053501	0.0170444503304776	2.1410166668477e-05	3.78979843095413e-05	0.769421565508142	-102.055737649838	0
2013	223	1.65560829730657	-2.27063018700093	-0.615021889694364	0.582132098625346	0.068938402945927	2.13988012356814e-05	0.000156304134501049	0.679111070754799	-99.6377713347953	0
2013	224	1.00672043912356	-1.38709689927607	-0.38037646015251	1.51191662133784	0.00793849858620247	2.99883657237546e-05	1.82334619287838e-05	1.10443371261651	-185.614997087084	0
2013	225	1.0929617174009	-1.25144202189687	-0.158480304495968	0.87081624850776	0.00621546732508163	2.64157821566125e-05	1.45250872989623e-05	0.730639681789674	-176.611527986386	0
2013	226	1.19878453023357	-2.2195256761801	-1.02074114594653	3.01739778562437	0.0467977586067957	5.22155392040102e-05	0.000110799795017738	1.34683507664884	-204.688636390484	0
2013	227	1.21434549637253	-1.86721345723938	-0.652867960866847	1.80340317083238	0.0194409816517998	3.93068661732195e-05	4.64501648518734e-05	1.26017144231203	-187.87381184395	0
2013	228	1.72035520680379	-1.37943976542497	0.340915441378827	1.05956921968705	0.0656210991471271	2.00815476223941e-05	0.000156762088361919	0.832986293095621	-177.627635939766	0
2013	229	1.54906107835457	-1.54795112265342	0.00110995570114292	0.671297828642951	0.0179960469198291	1.8353441986142e-05	4.31012397225903e-05	0.789362185272076	-222.617093596539	0
2013	230	1.80529427107729	-2.16996956208413	-0.364675291006833	0.743797784090299	0.0143007265512199	1.17329364934119e-05	3.40942338602413e-05	0.843341508121856	-180.823615170932	0
2013	231	1.84122020906607	-1.79939011191503	0.0418300971510468	0.54025850705686	0.0665951031063763	1.42760614509819e-05	0.000157998671566044	0.713637423809905	-155.787944496261	0
2013	232	2.09428201515725	-3.81660613037851	-1.72232411522126	0.924124287477919	0.815579623658294	5.36842575077281e-05	0.00193175524055976	0.669414947695182	-26.8120004442426	0
2013	233	3.33221259127217	-3.4970504401434	-0.164837848871224	0.967223900543559	0.424439149067622	1.6330690384413e-05	0.000988086627177283	0.849051034960131	-40.1933346239241	0
2013	234	3.27781498357626	-3.84083917683266	-0.563024193256405	0.896914990412009	0.185334771948876	2.4609843305896e-05	0.000433292014589654	0.823813737401291	-77.1903751125161	1
2013	235	1.55003629377286	-2.03265899726084	-0.482622703487975	1.42001200391813	0.00788941635888575	2.24072262819832e-05	1.85817017103483e-05	1.01767816748399	-168.295326930917	0
2013	236	1.95602401772552	-2.57374364033356	-0.617719622608043	0.831623341675549	0.62916845013346	1.71011114373125e-05	0.00149864280922414	0.73979673198973	-5.45956415961684	0
2013	237	1.23336980773302	-0.987151231907654	0.246218575825362	0.954857773494574	0.148305572668211	1.55034621269208e-05	0.000354199040121327	0.712764643770153	-97.7047827987965	0
2013	238	2.90390443504058	-3.76353512275806	-0.859630687717476	1.38240893870259	1.76708557670702	2.28904432316422e-05	0.00418399397442343	0.790098892158765	1.66143893777867	0
2013	239	1.73413861213326	-1.48131872118943	0.252819890943822	0.712044234963738	0.118522184777931	1.17898594949937e-05	0.000280429007067676	0.699293333184298	-17.2788821560997	0
2013	240	2.38872732338159	-3.73582667543371	-1.34709935205212	0.750960788355546	0.538140551920362	1.89030686904703e-05	0.00127235606730382	0.670558936456459	-119.436989961871	0
2013	241	2.61128092581696	-2.43884704899644	0.172433876820521	0.873760253484362	0.35189379456592	1.48948777039859e-05	0.000821928477450157	0.763690794108014	-33.1737538484994	0
2013	242	1.3092348300825	-1.03019621101761	0.279038619064896	1.1520358861399	0.151773676510561	2.95765264742154e-05	0.000355025889356782	0.691033874907279	-9.51342550344673	0
2013	243	3.08041345024188	-4.10149478601383	-1.02108133577195	1.40419174403935	1.58743160265262	2.70041074031041e-05	0.00370624465314087	0.815269954413393	21.0829777600034	0
2013	244	1.1866361883639	-1.73453671189608	-0.547900523532179	0.807726610481343	0.00130327542454848	2.45032638983608e-05	3.08683155961861e-06	0.955982203716274	-69.8018735262727	0
2013	245	2.77723033097675	-1.6751930717004	1.10203725927635	1.40423097832842	0.240190137667876	5.18057754354555e-05	0.000579849621433848	0.73116136318924	30.1159702743122	0
2013	246	1.5960359706063	-1.44810152380502	0.147934446801282	2.06896385424848	0.024940949006346	4.18145603788314e-05	6.07629144526875e-05	1.19021889031297	-157.793559174828	0
2013	247	2.95980662686659	-2.72065068521675	0.239155941649836	0.807808198074334	0.629847432083578	1.4555900593627e-05	0.00153513274276017	0.68299943516946	-7.15793743258437	0
2013	248	2.20168815506225	-2.19466387527668	0.00702427978556663	1.01704035038757	0.495912083146197	1.81945496885491e-05	0.00120717697013371	0.745984315096867	36.5807017818238	0
2013	249	1.73835069466997	-1.81781162680233	-0.0794609321323636	0.959343611730935	0.163781033068121	1.65181461059344e-05	0.000397812162874523	0.931363434952083	-22.8665447953679	0
2013	250	1.7012239236186	-2.35279087892814	-0.651566955309541	0.702920181758798	0.200156778239872	1.23560195570793e-05	0.000484733318343378	0.755574666721307	-11.7932303364881	0
2013	251	0.847995238555116	-1.71406668957943	-0.866071451024314	0.860597819490844	0.368412792568004	2.15064874159002e-05	0.00089782544301521	0.769596392186688	44.1297679246342	0
2013	252	2.79179419809706	-5.45647715555162	-2.66468295745456	1.40309814427771	2.33359181024083	3.0473939082815e-05	0.00567641850300217	0.956448443478325	96.6634692952608	0
2013	253	4.29023338374789	-4.46280936762811	-0.172575983880224	1.49161385587622	2.26607995075953	5.85149094681321e-05	0.00553143649903511	0.817054404455328	84.3749433056525	0
2013	254	3.27669621366815	-5.26429996852573	-1.98760375485758	1.53020434545214	2.53365374227421	3.70033832183906e-05	0.00617425848234078	0.873960196791423	90.845370754181	0
2013	255	3.02829689472021	-3.25202265972814	-0.223725765007935	0.895350646269048	1.35805064668926	2.05479762590607e-05	0.00329626571713632	0.78713880431371	84.4620597043775	0
2013	256	0.0167339512620414	-0.359996029145438	-0.343262077883397	1.71519013080162	0.652551723365336	3.542669859112e-05	0.0015756412635051	0.869178548876214	7.91249972822912	0
2013	257	0.866345071277439	-1.87296961625456	-1.00662454497712	0.853289249095973	0.171439304055887	1.91835762987446e-05	0.000417038852983668	0.612975480799577	-88.7578818851263	0
2013	258	2.81444734958202	-3.55656897810074	-0.742121628518718	0.74617658137207	1.14080372237526	2.89334427700043e-05	0.00279627748090228	0.601039638211287	-11.7357199513257	0
2013	259	1.089557996477	-0.647585818584818	0.441972177892178	0.837637612486893	0.0668565513426291	2.53921077308589e-05	0.000166419343869723	0.585169834610852	-65.1012048333823	0
2013	260	1.21541558753186	-1.54477599790661	-0.329360410374752	0.585572522051474	0.127640791190239	1.74164130595236e-05	0.000321264332665146	0.595456231739017	-56.4292775588379	0
2013	261	1.02418106401	-1.22295103251044	-0.198769968500435	0.965115368148601	0.152826403544528	4.21043219220936e-05	0.000386692915233345	0.636820470658673	-106.070609652388	0
2013	262	1.40814577022527	-1.88059940896283	-0.472453638737563	0.724883691786788	0.155078555897526	1.98798149230084e-05	0.000391490051647183	0.594938039548411	-84.2957091509334	1
2013	263	0.733784128079599	-1.96756232440598	-1.23377819632638	0.690285046047124	0.441720399782747	6.12963174213825e-05	0.00111215562113955	0.613804497315545	5.6060685398801	0
2013	264	1.19887873157714	-2.07907802992389	-0.880199298346746	1.20348527137203	0.132795392478292	6.02653872447312e-05	0.000335400919255282	0.978431421348175	80.2721149649446	0
2013	265	1.31824148806798	-1.06146722364431	0.256774264423672	1.46335132795397	0.0363362814282092	7.22981264801978e-05	9.33997511723071e-05	1.02206775311827	-175.098408842713	0
2013	266	1.06429490420843	-1.48582576070775	-0.421530856499313	3.69018615354283	0.0554271749653768	0.000154638061182456	0.000148133673881687	1.36379102223853	-196.725841186118	1
2013	267	1.16247787632629	-0.948842077442261	0.213635798884025	2.79646898362323	0.0556835693664544	0.000108525090814494	0.000154682456485422	1.23018734884975	-192.437668507561	0
2013	268	0.900988087114557	-0.557603111096671	0.343384976017886	2.39335224145008	0.018134433020153	7.57432423568207e-05	5.34218504325121e-05	1.33357792924409	-152.061884445566	1
2013	269	0.513646949459832	-0.266811848939919	0.246835100519914	1.07044986246316	0.0173570083877831	3.13424444107782e-05	5.38391760806602e-05	1.08462368780619	-99.2381209606152	1
2013	270	0.832940624240659	-0.967568007346311	-0.134627383105652	0.421008403436271	0.00194090950179002	1.96755272013276e-05	6.05490096720088e-06	0.672332432196974	-222.029606229342	0
2013	271	1.37909752551142e-06	-0.00015657944679175	-0.000155200349266239	0.861835606308981	0.0118597064364767	4.86487719085407e-05	3.7492510599412e-05	1.02700228721899	-81.459750956246	0
2013	272	0.826924171298896	-0.599218519756294	0.227705651542602	0.878741195197732	0.000207184045305238	6.30513447939188e-05	6.73001670040106e-07	0.986803284481886	-185.127712960516	0
2013	273	0.897799166713381	-0.547606442846371	0.35019272386701	0.667731999438906	0.000235646612594663	3.47385001169777e-05	7.88928261242981e-07	0.915732018852636	-214.400857181105	0
2013	274	0.71136751690994	-0.393217105685946	0.318150411223994	0.694923864899575	0.000207729826890632	3.96565069653396e-05	7.14298855296953e-07	0.992345863131575	-279.185781496539	0
2013	275	0.780400633716589	-0.620088344801557	0.160312288915032	0.365261807836656	0.00280728479769995	1.14139486848661e-05	9.55897894105424e-06	0.645795967355934	-203.153513665992	0
2013	276	5.03248111468201e-18	-2.10699706004401e-06	-2.10699706003898e-06	0.458834583972506	0.0335129145400457	2.34378359981717e-05	0.000114217836150401	0.713724128681385	-15.7357392108026	0
2013	277	0.438228977189875	-0.502624311054321	-0.0643953338644463	0.528416344727203	7.22707378022274e-05	8.63271478012291e-05	2.49759048304337e-07	0.748676875064588	-261.149919162349	1
2013	278	0.584989458543529	-0.425209366990622	0.159780091552907	0.961170679395389	0.0173736598834297	2.90006933644713e-05	6.06236385907777e-05	1.15514889018195	-177.087547009015	0
2013	279	0.37716504882255	-0.300672465108037	0.0764925837145128	0.585648434685017	0.00780186869611476	0.000100036518967346	2.71634813875394e-05	0.910934116951237	-204.894318810053	1
2013	280	0.492962201867183	-0.630539738772645	-0.137577536905462	0.697849495799898	8.28409795717248e-05	8.80887307690237e-05	2.80935233436709e-07	0.939782554297394	-229.332308044776	0
2013	281	0.69900711895081	-0.586512807712173	0.112494311238636	0.786623062026923	0.000245928384870983	0.00010789912893512	8.02952531381723e-07	1.09694400014467	-129.337777669546	1
2013	282	0.49074991504321	-0.686200518699564	-0.195450603656354	1.37170201093432	0.000288076867197168	0.000140548069420275	9.12627422088405e-07	1.19207560450105	-337.386137327295	0
2013	283	0.758483313274017	-0.464477711133061	0.294005602140956	0.455086105156715	0.00211851953443177	2.33276149879297e-05	6.47680261943335e-06	0.582800478015682	-172.615023399646	0
2013	284	0.995053432590308	-1.47340723269863	-0.47835380010832	0.842836953740138	0.0204158957126116	4.65641883468746e-05	6.23531755211806e-05	0.920504643774204	-77.8623222498966	0
2013	285	1.33442430509748e-12	-2.33580871439634e-06	-2.33580737997203e-06	0.708830970688111	0.00777608460644976	2.80831063046557e-05	2.37365461831203e-05	0.62436968411877	7.08845636900448	0
2013	286	1.00953356654963	-1.73401089911412	-0.724477332564489	0.648059912233613	0.00675084438038833	2.66914791287754e-05	2.06220608501606e-05	0.76242941539981	-146.989944242878	0
2013	287	0.278077805318653	-0.00627549709490695	0.271802308223746	0.672283537376321	0.00241428047187865	6.64821895535342e-05	7.4460276622034e-06	0.629005872621797	-110.610441911968	0
2013	288	1.08884649765281e-12	-0.43222194955392	-0.432221949552831	0.727156681029453	0.000134227818643687	0.000132322322502368	4.19709285385285e-07	0.933253463746521	-149.279909373147	0
2013	289	0.784475563089056	-1.05545858439929	-0.270983021310232	0.559431281374873	0.0210861976371939	2.98709170851319e-05	6.69999321485948e-05	0.650838717025725	-76.92478764999	0
2013	290	0.86889461798883	-0.18129907319017	0.68759554479866	0.575440800565852	0.000790100939799792	4.26057383844075e-05	2.63635521318195e-06	0.729391895036843	-138.972502531199	0
2013	291	0.252212422029054	-0.201114866241817	0.0510975557872372	3.02114199834119	0.00342247310500143	0.000828577123312478	1.1882986572588e-05	1.32124817660954	-278.504868070966	0
2013	292	1.05307593887042	-1.10573086590227	-0.0526549270318426	1.1299245911374	0.000259639513505609	5.45070450926934e-05	9.7558079472441e-07	1.0367691551967	-197.900873878921	0
2013	293	0.155251870486685	-0.0273050377343726	0.127946832752313	1.91993019011334	0.455194496798188	0.000289735078057671	0.00178976055134047	0.810911692262783	27.4125006216939	0
2013	294	1.56782896608567	-1.27525409366142	0.292574872424253	0.632283653739904	0.0734515138530922	2.74870898520437e-05	0.00030367442823257	0.559207198889268	-72.8581028080283	0
2013	295	0.87567746926979	-3.62557686888894e-06	0.875673843692921	0.626583420705568	0.0121481979632563	3.17367881869798e-05	5.48660384854813e-05	0.801205650737063	-86.2193290411086	1
2013	296	0.681639146726464	-0.546626094099233	0.135013052627232	1.22966872531949	3.03142253621848e-05	0.000151349699651084	1.36404943136137e-07	1.35236782693096	-246.87050952875	1
2013	297	2.78037711524144e-10	-5.92064023283236e-08	-5.89283646167995e-08	1.41822443201709	0.00113676251801207	0.000298368036168998	4.74366434006769e-06	1.29109195718207	-79.5665600382118	0
2013	298	0.291393625027403	-0.396067837290916	-0.104674212263514	1.13150112296782	1.9016999577215e-05	0.000152547995801752	7.49287786978867e-08	1.13978554805889	-178.222519638131	1
2013	299	0.236439542038993	-0.521598990648073	-0.28515944860908	0.950419119541224	0.000486533754348279	0.00043796921279439	1.81215695778586e-06	1.03073455349576	-213.059036583944	1
2013	300	0.0942785106669867	-0.58170438622792	-0.487425875560933	0.617766010515505	1.52693511692093e-05	0.000170932601400735	5.37523876755438e-08	0.923835419781545	-97.9007702257103	0
2013	301	0.751197467391011	-1.2739786101527	-0.522781142761691	2.55284290855311	0.00344102731423702	0.000445834484555873	1.15639986222111e-05	1.69974110395841	-116.659594220652	0
2013	302	7.61471195150923e-05	-0.428041743697591	-0.427965596578076	4.73942881224595	0.00902281569777782	0.000893544173260231	2.92191183468918e-05	1.3052065784694	-220.771988209782	1
2013	303	0.285932792788101	-0.313323725580766	-0.0273909327926653	1.11181492970117	0.00109539131131527	0.000197842708813104	3.55327722404009e-06	1.06880422346764	-236.736399409231	0
2013	304	0.444594035934847	-5.06715421803815e-13	0.444594035934341	1.31253437660998	0.0142823076841259	0.000110845997789015	4.67501350859461e-05	1.23827666086441	-156.175290702616	0
2013	305	1.91948276948869e-08	-8.97814282570649e-08	-7.05866005621781e-08	1.64114961244811	0.00146475933224516	0.000310073365710551	4.89726378829272e-06	1.18038140606119	-163.382173128944	0
2013	306	0.531288861024659	-0.669397654134874	-0.138108793110214	1.3109550692908	0.000814946644146152	0.000449274088503947	2.75300660521475e-06	0.847299291109745	-93.3604989581893	0
2013	307	1.02831829011777e-07	-4.07245953942817e-13	1.02831421765823e-07	1.08020272492358	0.0569335572049022	0.000247174530159879	0.000193109003774659	0.660588625137801	-112.789677556135	0
2013	308	0.489386737442388	-0.35554389549827	0.133842841944118	1.71734199931285	0.00247304146651069	0.000481864622420435	8.4880640482944e-06	1.45321768512461	-208.380488151272	0
2013	309	8.997272848837e-07	-9.4243196147827e-05	-9.33434688629433e-05	1.11538379063344	0.000430191493383998	0.00036684348160028	1.52619960663058e-06	1.02580001453769	-171.883535001403	0
2013	310	0.493937632848842	-0.470647729142017	0.0232899037068243	0.965320289963948	3.03314534659627e-05	0.000304240375250835	1.09860267705358e-07	0.751861826969774	-113.536458221139	0
2013	311	5.38860735565327e-10	-1.06335924071753e-08	-1.009473167161e-08	0.521029339113317	2.15157383307801e-05	0.000113000115360617	7.95282450501726e-08	0.739873739987233	-146.822408703815	0
2013	312	4.33426874869761e-10	-8.39840602556975e-08	-8.35506333808278e-08	0.776026858322852	8.25190224036776e-06	0.000129885876163535	3.11909205403844e-08	1.00429489824072	-126.759233416528	0
2013	313	1.57226048995466e-11	-3.36759818614031e-08	-3.36602592565036e-08	0.575790500615378	3.11828272422262e-05	0.000118829219537814	1.21843551608478e-07	0.897856217671308	-114.744653737471	0
2013	314	0.24753913048161	-0.00306373123796193	0.244475399243648	0.582346032595371	9.10935176967976e-05	8.06778138026677e-05	3.67957316000314e-07	0.786949091436465	-239.036218214313	1
2013	315	0.0875368679989557	-0.015792361023	0.0717445069759557	0.690085886325599	0.000644545266827177	0.000159296074308048	2.78197391850951e-06	0.612721651404195	-200.3338882148	0
2013	316	0.427457436869614	-0.0355601678474678	0.391897269022146	1.62162209363761	0.00249973790918963	0.00028540314680448	1.07632594779227e-05	1.3613311207262	-136.305229749385	1
2013	317	0.118284554759145	-0.167329975562827	-0.0490454208036821	0.591869352593102	1.59970470799859e-05	0.000143186983431618	7.00785342563546e-08	0.895672254162578	-318.19649468714	1
2013	318	0.000780589547605305	-0.000280753140047915	0.00049983640755739	0.40412680385564	0.00960997670878639	4.14863504542274e-05	4.34363262986754e-05	0.635227179756586	-142.34596003517	0
2013	319	0.187033913826509	-0.00200364806538163	0.185030265761127	1.15493894006724	0.00216456667342993	0.000544977516606349	1.01044489559067e-05	1.26803433277413	-287.956479364695	1
2013	320	1.83167094638422e-14	-1.17060571565391e-07	-1.17060553248682e-07	1.30830238795672	0.00250175262519194	0.000530345272244514	1.13569312102992e-05	1.38177740704573	-234.022699336849	1
2013	321	0.0448500865532227	-0.0710649597763935	-0.0262148732231708	1.58774169525622	0.00047135587155074	0.000200114816942316	2.07286892189236e-06	1.3220653723795	-209.446131636456	1
2013	322	0.296338730128596	-0.0348111588573713	0.261527571271225	0.555985555607844	0.00204243621706792	6.03300481836759e-05	1.08323335560384e-05	0.852092784693246	-89.0765291914858	1
2013	323	3.83449341172524e-06	-2.18052163765206e-06	1.65397177407318e-06	0.881316218222556	0.0024043200513425	0.00103625127130918	1.31996619631354e-05	1.0078528804615	-164.159244430895	0
2013	324	0.114897604600244	-0.255931817214413	-0.141034212614169	0.542238814186068	0.000228111782302585	0.000700420705684793	1.21587249939104e-06	0.58967270799998	-237.039161731682	1
2013	325	0.146660833578292	-0.0959533708188412	0.0507074627594513	0.671806493792738	0.000904466286939359	0.000567737871073484	4.45491107794189e-06	0.692616464778082	-246.512720677211	0
2013	326	0.282705540445578	-0.331113508398632	-0.0484079679530541	0.406470401119737	0.000238883599327001	0.000223695067233235	1.13947142832955e-06	0.532343112205612	-195.948182739724	1
2013	327	2.75163290845841e-08	-1.26474048499823e-15	2.75163278198437e-08	1.15201880103531	0.000766457479705475	0.00141827426543372	3.60316750872141e-06	0.83334669993802	-86.1556866568294	0
2013	328	0.312035867508245	-0.00155301585743228	0.310482851650812	1.96166664249141	0.0501071844652736	0.000758188591385503	0.000259811060148911	1.07604298594826	-121.287428084072	0
2013	329	0.12811105027576	-0.000122972621535535	0.127988077654225	2.11611664356199	0.00124884520744066	0.000579409132617028	7.37162181512703e-06	1.3146287541345	-114.846904451367	1
2013	330	0.576235376714647	-1.20081278458777e-05	0.576223368586801	1.97510982533471	0.00092441401533919	0.000365687887012301	8.58224994381172e-06	1.04205807661316	-18.0592471489868	1
2013	331	1.77765700709069e-11	-3.70632308909472e-08	-3.70454543208763e-08	2.75735756830148	0.00210451397106823	0.0019363792425585	2.36139147712933e-05	1.37093029017024	-78.9452153445307	0
2013	332	0.266377749221531	-0.0112971049704368	0.255080644251094	3.41880606263314	0.00442513259825118	0.000794329015437376	4.20957455086667e-05	1.69050697359461	-64.3605885190355	1
2013	333	0.332109595024391	-1.81729575522857e-06	0.332107777728636	1.21137770491834	0.00118996349200662	0.00050927289967448	3.14938647235418e-05	0.868398980185813	-147.138369012424	1
2013	334	0.00323759192655721	0.128577780095483	0.13181537202204	1.20393577616278	2.16368684255775	0.000271177992172617	0.0233260013949501	1.07779180650708	-149.062071628229	1
