year	doy	gppCoeff	rCoeff	Q	nll	converge
2012	164	4.11650413340332e-10	-7.7501804840952e-08	0.0536979576971713	-3.10966004231559	0
2012	165	1.68721477601874e-06	-0.000373888449670401	0.0122498318523233	-56.3181848322536	0
2012	166	2.0240286269214e-10	-3.6734015960775e-11	0.0157759014783636	-47.2155442058166	0
2012	167	2.30046361344181e-10	-0.000826274033517215	0.00998934491031032	-63.6699126233826	0
2012	168	1.45105487507969e-05	-0.00288229850932276	0.00954172591101565	-65.3116122113256	0
2012	169	9.58455068397148e-15	-2.37555745380661e-08	0.00701407394974676	-76.392593170182	0
2012	170	2.50155970803461e-08	-0.00012018058633079	0.00856672679978331	-69.1907391095702	0
2012	171	3.43522665886003e-12	-3.00459113486795e-09	0.00574067540927573	-83.5999697025909	0
2012	172	3.20756863100019e-05	-0.00520464458206975	0.0195460014066374	-39.492639634476	0
2012	173	3.09818241935276e-11	-0.00644930200356388	0.0229342677040292	-33.7359786577069	0
2012	174	5.65852061766871e-11	-0.00111541770950027	0.0140720042507377	-51.3269362653417	0
2012	175	2.42501274873314e-10	-3.95522886889844e-19	0.0263494769421949	-28.7440718110194	0
2012	176	2.55850412823217e-07	-0.00187215789656052	0.0266559097485192	-28.3275767279855	0
2012	177	2.09019485943893e-05	-0.00350746064096526	0.0139608520580704	-51.6145080406517	0
2012	178	2.05269133156878e-05	-0.00200342518802494	0.0068780298707455	-77.0970933389666	0
2012	179	9.23065908633043e-06	-6.36866278310231e-09	0.0134353661257066	-52.9897310024321	0
2012	180	1.99282456750868e-10	-0.00449794732597329	0.00718761447954114	-75.5060916254488	0
2012	181	8.14175424072493e-06	-0.00425935280955293	0.00748328090358844	-74.0657920232951	0
2012	182	0.000799579940394321	-0.0277385578384751	0.0831010696296127	12.607268012294	0
2012	183	1.6578654686573e-05	-0.00340684954658704	0.0544712428182534	-2.6031193844454	0
2012	184	4.82982336632559e-05	-0.00819369409976447	0.0318427677439156	-22.2284704002333	0
2012	185	1.00726189791602e-09	-0.00166343661999209	0.0349769001064177	-18.5405238614823	0
2012	186	2.51654243368714e-05	-0.0058571905366021	0.0100424027790057	-63.4732007318774	0
2012	187	6.73991370736191e-06	-0.00130560425346161	0.0106379459014258	-61.3990753879038	0
2012	188	1.56282116927171e-05	-0.00361449629090621	0.0185873625597671	-41.3079104794028	0
2012	189	2.93494890847744e-05	-0.00243607089575767	0.0116139341849537	-58.2391419773481	0
2012	190	3.0419393291587e-10	-0.000413891351424869	0.00707465606824564	-76.0824830843867	0
2012	191	6.40716600764296e-21	-9.71165136631355e-11	0.0236622338064681	-32.6162412195334	0
2012	192	2.43119629723227e-10	-0.00124574846897443	0.0217795260575778	-35.5991570686062	0
2012	193	1.28911665000943e-10	-0.00682805516678963	0.140605362858251	31.5399872610017	0
2012	194	3.93197649262357e-12	-5.3458511603045e-27	0.0457190119323858	-9.02875380755424	0
2012	195	1.04135355296843e-10	-5.32825282092817e-08	0.0434543814149194	-10.7331612322707	0
2012	196	5.05159520837429e-15	-8.94494294626769e-09	0.028069264243979	-26.4655189608969	0
2012	197	4.09997109807809e-10	-0.0011552936182314	0.0354579237742059	-18.0533497711284	0
2012	198	5.11997873905707e-05	-0.00658144339306492	0.169267171423615	38.211019252647	0
2012	199	1.45581275417481e-07	-0.00251294812896372	0.0999267175498316	19.2516466397706	0
2012	200	3.97360597926519e-05	-0.00405763843787424	0.0463230680794493	-8.43159007345428	0
2012	201	1.47982791821654e-09	-1.80931618010391e-16	0.0767974606972189	9.77034794533042	0
2012	202	9.21075480712027e-12	-3.56237265502563e-11	0.109219869329547	22.7588160489138	0
2012	203	2.09902952292294e-18	-7.85630134232058e-09	0.0222600156317957	-34.816882702619	0
2012	204	1.30493082192731e-10	-0.00760844073047019	0.0134136052875571	-53.0545491057	0
2012	205	4.12329892403686e-11	-0.0052006375134381	0.040331832562196	-13.4166150082164	0
2012	206	4.01950804314713e-05	-0.0076328540396026	0.0502977733017493	-5.47278576940819	0
2012	207	1.00660853007216e-17	-6.87538216148001e-08	0.0455225565023957	-9.05570848075659	0
2012	208	1.64571050977235e-13	-1.65189975154808e-07	0.129490037795958	28.5711904492058	0
2012	209	6.75864491013748e-11	-0.00324719212659735	0.0650671968010472	3.84630575380213	0
2012	210	2.39696422854088e-11	-2.67433368439061e-09	0.0462059996946255	-8.52724540319761	0
2012	211	1.80678076440847e-05	-0.00410474526458635	0.0236427012244355	-32.6478404368632	0
2012	212	5.63929574226707e-24	-7.0098530688747e-10	0.0229959803094782	-33.6442734543419	0
2012	213	4.24083835551222e-10	-2.60248281738809e-12	0.0307328805621983	-23.2048113884618	0
2012	214	2.28802383749803e-11	-0.00194892789484926	0.0548412622940225	-2.35605501719383	0
2012	215	0.000105630055656025	-0.0207191756325704	0.0766375962187049	9.82713669173152	0
2012	216	3.41744312291936e-05	-1.84450540305351e-08	0.047003367989619	-7.90965176916936	0
2012	217	0.000226016339343111	-0.0130481273265415	0.0450416780000413	-9.44492377818277	0
2012	218	2.76290377838564e-06	-0.000113671716647716	0.0763585518593082	9.56183085801645	0
2012	219	6.78315149683549e-12	-5.23428446590417e-28	0.0409787124098553	-12.84154513534	0
2012	220	1.72509028283201e-06	-1.33870466999242e-10	0.0608490088519338	1.38600407966449	0
2012	221	2.31891084163194e-11	-0.00498903807714072	0.0174364992258127	-43.6096366939477	0
2012	222	1.77936790630966e-14	-7.79861634823946e-09	0.112761915916668	23.9245376132996	0
2012	223	3.0305286908165e-06	-2.73868009050125e-07	0.0315679558528342	-22.2337083561762	0
2012	224	3.29464676776231e-11	-0.0033657174633121	0.0793766281513598	10.9563343736103	0
2012	225	2.39994919454124e-10	-0.00399820550792695	0.0988935820154561	18.863220749672	0
2012	226	2.19732062504252e-05	-0.00305408894551781	0.0366129357850367	-16.9003790009056	0
2012	227	5.05149519458776e-10	-9.07919023912366e-09	0.0324732268506249	-21.228821981799	0
2012	228	3.49684694904165e-10	-1.33791782673825e-43	0.0352303557855537	-18.5398837642927	0
2012	229	1.19096239324849e-05	-0.00176583629559276	0.0147981909950426	-49.5138159227156	0
2012	230	4.07062393401905e-05	-0.00745585649462257	0.0164469497203047	-45.7078956578721	0
2012	231	4.50420076903636e-11	-7.33650085562895e-09	0.0158484459635071	-47.0467116131521	0
2012	232	1.17140316004881e-05	-2.95435936161377e-09	0.0596590317559064	0.676216197418215	0
2012	233	5.48528913188363e-22	-1.698915812613e-09	0.0269346664082293	-27.954630497061	0
2012	234	1.16155846465479e-10	-0.00759912740478625	0.040516026436021	-13.4379807259671	0
2012	235	4.62689113737399e-11	-0.00165792412767804	0.00564334485776741	-84.2129621413743	0
2012	236	2.0442906826185e-05	-0.00807851558983438	0.0125335715179597	-55.488742200879	0
2012	237	1.58838285617528e-10	-0.0025343119364465	0.0100336385157214	-63.5063471054321	0
2012	238	1.20317144369686e-05	-0.00565065616991218	0.00615697340925499	-81.0821062955705	0
2012	239	1.28093072787909e-09	-9.72935709485641e-05	0.0179760051492587	-42.5003352382121	0
2012	240	5.79998696293651e-06	-0.015472205743735	0.00447220064209528	-92.5924821668279	0
2012	241	1.09508132628576e-11	-0.00538026917841736	0.00380674955255606	-99.7579887243362	0
2012	242	6.46860793726947e-05	-0.00974092901522738	0.00118697680120519	-140.342115233979	0
2012	243	3.09221967157096e-10	-0.00759657941800147	0.00375728431829302	-98.8580749018359	0
2012	244	3.03892265579931e-10	-0.00314874309836539	0.0340359818995547	-19.524617610802	0
2012	245	7.41120253306982e-05	-0.0159493101373817	0.0262154335574112	-28.9314769493146	0
2012	246	1.0722727555767e-10	-0.00668628995404515	0.0369727295168156	-16.5483682429406	0
2012	247	3.98815144649978e-05	-0.00479547276074722	0.129946561028998	29.0985019379143	0
2012	248	1.0472446625e-17	-0.00339060657433524	0.0350919213856516	-18.4264939459355	0
2012	249	1.39711187994177e-05	-0.00545918660846338	0.00126662183840041	-138.007880913692	0
2012	250	9.54213336924344e-06	-0.00915224404527757	0.00242262158243964	-114.659223208468	0
2012	251	3.98700295019071e-05	-0.00797917835290873	0.00547097345744217	-85.3272571052315	0
2012	252	2.13562135375134e-05	-0.0045772994723723	0.00115827125321305	-141.229774300551	0
2012	253	3.69429165402762e-10	-0.00616159573233479	0.00810061440823759	-72.192620428784	0
2012	254	4.83130943938744e-05	-0.00690081648324647	0.00400170118529938	-96.5924749170986	0
2012	255	4.21211395264874e-11	-0.0045390524335306	0.00614409349667725	-81.1586127794717	0
2012	256	4.20784437967421e-06	-0.00497004851763719	0.00524508845279224	-86.8551717023902	0
2012	257	1.47604388108746e-11	-1.5765157697375e-10	0.046990569779714	-7.92115836239441	0
2012	258	2.63079114727728e-05	-0.00352948449866453	0.0131698669778301	-53.7074859493876	0
2012	259	1.76676678020735e-05	-0.00686002485273391	0.00236202696114993	-115.574248761236	0
2012	260	4.00415225385226e-05	-0.010668323005586	0.00716900129124705	-76.655001661272	0
2012	261	6.45063896380022e-05	-0.00153659289267055	0.0104678602259734	-61.9846850464021	0
2012	262	4.97638423962677e-05	-0.00908545850386558	0.00738035846556943	-74.5620628631699	0
2012	263	1.00474523495386e-10	-1.59269749912578e-09	0.0141249370190033	-51.1881863092406	0
2012	264	7.73754176122156e-11	-0.00513704106710881	0.00488294479899782	-89.4262445286182	0
2012	265	2.39798720317641e-05	-0.00660079109708146	0.00604046988955212	-81.7732350378963	0
2012	266	3.67791542988665e-05	-0.00397277968891241	0.0056338435407742	-85.4552545788776	0
2012	267	6.25194883986092e-06	-0.00433306170130258	0.00557934187464836	-84.6228617506302	0
2012	268	4.56567028323849e-05	-0.0063984674021035	0.00455628472227641	-91.9245146660165	0
2012	269	4.63759797312854e-05	-0.00654795609379686	0.00201719380086511	-121.250960324788	0
2012	270	2.89212263355038e-05	-0.00497047467263193	0.00134133332486178	-135.949089339504	0
2012	271	2.148758509719e-05	-0.000984747926873679	0.00257333961895669	-112.485562509252	0
2012	272	2.53793708463248e-06	-0.00392889997971487	0.00229487624150321	-118.223765330518	0
2012	273	4.70676833377207e-06	-0.00301261654227653	0.00238875028972822	-115.165665254329	0
2012	274	3.16178465090059e-10	-0.00228863343986587	0.00236174937465848	-115.573540303205	0
2012	275	0.000105747935390433	-0.00882137232312714	0.00257689745633297	-112.441718990315	0
2012	276	5.35762871836853e-05	-0.0126049867591845	0.00620464831780811	-80.8080397208892	0
2012	277	5.13416180700443e-05	-0.0058339708307727	0.0242353876585843	-31.7492197366487	0
2012	278	3.99571078615273e-11	-0.00237046323903144	0.0106919818959236	-61.2143573636279	0
2012	279	0.000155338953865331	-0.0113912526906473	0.00700767470410496	-78.5475342236604	0
2012	291	5.05188547131683e-13	-4.84792902778854e-16	0.00310458903743497	-107.200982257121	0
2012	294	8.27392184902694e-06	-3.33416990055282e-05	0.00259737980073777	-112.15591761614	0
2012	295	1.27158402653182e-11	-0.000571379669820127	0.000266067588505552	-194.184366509231	0
2012	296	2.33765192045915e-12	-3.28897877446938e-14	0.000981497624546838	-147.188183236741	0
2012	297	1.10261506580066e-31	-6.05627167937398e-10	0.00280258560489966	-110.937146461906	0
2012	298	0.0001954205601975	-0.00660572047417002	0.00552316135210875	-82.629025671072	0
